 Ser.A   Sum     Win    Total Meas Core
  yr     (cm)    (cm)    (cm) 
  355   0.395   0.686   1.081  1  WR1-16    
  356   0.206   0.720   0.926  1  ...       
  357   0.240   0.600   0.840  1  ...       
  358   0.772   0.823   1.595  1  ...       
  359   0.360   0.395   0.755  1  ...       
  360   0.892   0.497   1.389  1  ...       
  361   0.000   0.000   0.000  0  ... deformed layer, gap with match to WR2      
  362   0.000   0.000   0.000  0  ... deformed layer, gap with match to WR2       
  363   0.000   0.000   0.000  0  ... deformed layer, gap with match to WR2      
  364   0.000   0.000   0.000  0  ... deformed layer, gap with match to WR2       
  365   0.189   0.412   0.600  1  ...       
  366   0.086   0.497   0.583  1  ...       
  367   0.446   0.497   0.943  1  ...       
  368   0.326   0.497   0.823  1  ...       
  369   0.377   0.635   1.012  1  ...       
  370   0.309   0.652   0.961  1  ...       
  371   0.617   0.978   1.595  1  ...       
  372   0.240   0.635   0.875  1  ...       
  373   0.377   0.686   1.063  1  ...       
  374   0.429   0.772   1.201  1  ...       
  375   0.292   0.858   1.149  1  ...       
  376   0.598   0.905   1.503  1  ...       
  377   0.342   0.734   1.076  1  ...       
  378   0.188   0.666   0.854  1  ...       
  379   0.342   0.529   0.871  1  ...       
  380   0.171   0.444   0.615  1  ...       
  381   0.342   0.376   0.717  1  ...       
  382   0.137   0.581   0.717  1  ...       
  383   0.273   4.816   5.089  1  ...       
  384   0.282   0.384   0.666  2  WR1-15    
  385   0.146   0.581   0.727  2  ...       
  386   0.076   0.914   0.991  2  ...       
  387   0.650   0.675   1.324  2  ...       
  388   0.461   0.718   1.179  2  ...       
  389   0.213   0.693   0.906  2  ...       
  390   0.325   0.488   0.812  2  ...       
  391   8.339   2.147  10.485  2  ...       
  392   0.442   0.337   0.780  2  ...       
  393   0.373   0.668   1.040  2  ...       
  394   0.866   0.442   1.308  1  ...       
  395   0.120   0.393   0.512  1  ...       
  396   0.282   0.504   0.786  2  WR1-14    
  397   0.120   0.513   0.632  2  ...       
  398   0.000   0.000   0.000  0  ... gap, varve deformed
  399   0.133   0.456   0.589  2  ...       
  400   0.690   0.582   1.272  2  ...       
  401   0.556   0.430   0.986  2  ...       
  402   0.142   0.637   0.780  2  ...       
  403   0.151   0.585   0.736  1  ...       
  404   0.245   0.340   0.585  1  ...       
  405   0.472   0.509   0.981  1  ...       
  406   0.113   0.453   0.566  1  ...       
  407   0.113   0.509   0.623  1  ...       
  408   0.075   0.792   0.868  1  ...       
  409   0.491   0.698   1.189  1  ...       
  410   0.113   0.679   0.792  1  ...       
  411   0.226   0.547   0.774  1  ...       
  412   0.509   0.472   0.981  1  ...       
  413   0.415   0.472   0.887  1  ...       
  414   1.189   0.623   1.811  1  ...       
  415   1.151   1.849   3.000  1  ...       
  416   0.283   0.717   1.000  1  ...       
  417   1.755   0.585   2.340  1  ...       
  418   0.319   0.255   0.574  1  ...       
  419   0.382   0.430   0.813  1  ...       
  420   0.175   0.414   0.590  1  ...       
  421   0.143   0.398   0.542  1  ...       
  422   0.191   0.351   0.542  1  ...       
  423   0.064   0.367   0.430  1  ...       
  424   0.191   0.430   0.622  1  ...       
  425   0.096   0.430   0.526  1  ...       
  426   0.175   1.020   1.195  1  ...       
  427   0.191   0.255   0.446  1  ...       
  428   0.064   0.398   0.462  1  ...       
  429   0.080   0.590   0.669  1  ...       
  430   0.351   0.590   0.940  1  ...       
  431   0.104   0.248   0.352  2  WR1-13    
  432   0.224   0.383   0.607  2  ...       
  433   0.112   0.382   0.494  2  ...       
  434   0.127   0.335   0.463  2  ...       
  435   0.160   0.295   0.454  2  ...       
  436   0.144   0.343   0.486  2  ...       
  437   0.463   0.375   0.838  2  ...       
  438   0.367   0.279   0.646  2  ...       
  439   0.087   0.383   0.470  2  ...       
  440   0.112   0.398   0.510  2  ...       
  441   0.152   0.215   0.367  2  ...       
  442   0.350   0.350   0.701  2  ...       
  443   0.080   0.310   0.391  2  ...       
  444   0.080   0.310   0.390  2  ...       
  445   0.080   0.414   0.494  2  ...       
  446   0.327   0.480   0.808  2  ...       
  447   0.088   0.408   0.496  2  ...       
  448   0.176   0.369   0.545  1  ...       
  449   0.288   0.337   0.625  1  ...       
  450   0.240   0.401   0.641  1  ...       
