 Ser.B   Sum     Win    Total Meas Core
  yr     (cm)    (cm)    (cm) 
    1   0.271   0.303   0.573  1  WR1-13    
    2   0.559   0.367   0.926  1  ...       
    3   0.207   0.622   0.830  1  ...       
    4   0.181   0.531   0.711  2  WR1-12    
    5   0.287   0.303   0.590  2  ...       
    6   0.295   0.277   0.572  2  ...       
    7   0.246   0.383   0.630  2  ...       
    8   0.181   0.433   0.613  2  ...       
    9   0.368   0.563   0.932  2  ...       
   10   0.287   0.474   0.762  2  ...       
   11   0.204   0.393   0.597  2  ...       
   12   0.155   0.547   0.702  2  ...       
   13   0.172   2.299   2.470  2  ...       
   14   0.312   0.548   0.859  2  ...       
   15   0.205   0.466   0.671  2  ...       
   16   0.213   0.368   0.581  2  ...       
   17   0.164   0.303   0.467  2  ...       
   18   0.190   0.344   0.533  2  ...       
   19   0.303   0.434   0.738  2  ...       
   20   0.205   0.418   0.623  2  ...       
   21   0.124   0.475   0.598  2  ...       
   22   0.164   0.377   0.541  2  ...       
   23   0.116   0.428   0.543  2  ...       
