 Ser.C   Sum     Win    Total Meas Core
  yr     (cm)    (cm)    (cm) 
    1   0.461   0.493   0.954  2  WR1-11,WR1-12C   
    2   0.176   0.402   0.577  2  ...       
    3   0.435   0.335   0.770  2  ...       
    4   0.109   0.317   0.425  2  ...       
    5   0.350   0.451   0.801  2  ...       
    6   0.167   0.392   0.559  2  ...       
    7   0.276   0.342   0.618  2  ...       
    8   0.167   0.350   0.518  2  ...       
    9   0.234   0.426   0.660  2  ...       
   10   0.468   0.468   0.935  2  ...       
   11   7.538   0.493   8.031  2  ...       
   12   1.187   0.618   1.805  2  ...       
   13   0.467   0.633   1.100  1  ...       
   14   0.267   0.650   0.917  1  ...       
   15   0.117   0.234   0.350  2  WR1-10     
   16   0.150   0.234   0.384  2  ...       
   17   0.134   0.234   0.368  2  ...       
   18   0.250   0.368   0.618  2  ...       
   19   0.200   0.426   0.626  2  ...       
   20   0.150   0.400   0.551  2  ...       
   21   0.150   0.409   0.559  2  ...       
   22   0.125   0.459   0.584  2  ...       
   23   0.418   0.309   0.727  2  ...       
   24   0.217   0.334   0.551  2  ...       
   25   0.117   0.383   0.500  2  ...       
   26   0.134   0.484   0.617  2  ...       
   27   0.183   0.350   0.534  2  ...       
   28   5.095   0.593   5.688  2  ...       
   29   0.350   0.625   0.976  2  ...       
   30   0.234   0.367   0.600  2  ...       
   31   0.183   0.342   0.526  2  ...       
   32   0.208   0.326   0.534  2  ...       
   33   0.384   0.317   0.701  2  ...       
   34   0.326   0.376   0.702  2  ...       
   35   2.850   0.501   3.351  2  ...       
   36   0.259   0.401   0.660  2  ...       
   37   0.209   0.284   0.493  2  ...       
   38   0.192   0.301   0.493  2  ...       
   39   0.159   0.217   0.376  2  ...       
   40   0.250   0.317   0.569  2  ...       
   41   0.551   0.317   0.868  2  ...       
   42   0.318   0.659   0.977  3  WR1-9     
   43   0.659   0.480   1.139  3  ...       
   44   2.100   0.547   2.647  3  ...       
   45   0.268   0.357   0.626  3  ...       
   46   0.218   0.446   0.665  3  ...       
   47   0.307   0.329   0.636  3  ...       
   48   1.563   0.497   2.059  2  ...       
   49   1.207   0.469   1.675  2  ...       
   50   0.660   0.877   1.536  2  ...       
   51   0.543   0.334   0.877  2  ...       
   52   0.475   0.317   0.793  2  ...       
   53   2.128   0.342   2.470  2  ...       
   54   0.134   0.317   0.451  2  ...       
   55   0.418   0.476   0.893  2  ...       
   56   0.158   0.293   0.451  2  ...       
   57   0.267   0.359   0.626  2  ...       
   58   0.234   0.250   0.484  2  ...       
   59   0.285   0.309   0.594  2  ...       
   60   0.150   0.251   0.401  2  ...       
   61   0.886   0.334   1.220  2  ...       
   62   0.176   0.401   0.577  2  ...       
   63   0.142   0.293   0.434  2  ...       
   64   0.176   0.267   0.443  2  ...       
   65   0.176   0.242   0.418  2  ...       
   66   0.142   0.200   0.343  2  ...       
   67   0.285   0.276   0.560  2  ...       
   68   0.326   0.326   0.651  2  ...       
   69   0.267   0.275   0.543  2  ...       
   70   0.451   0.359   0.811  2  ...       
   71   0.794   0.217   1.012  2  ...       
   72   0.468   0.234   0.701  2  ...       
   73   1.226   0.359   1.585  2  ...       
   74   0.317   0.267   0.584  2  ...       
   75   0.618   0.308   0.926  2  ...       
   76   0.367   0.267   0.634  2  ...       
   77   0.200   0.267   0.467  2  ...       
   78   0.167   0.225   0.392  2  ...       
   79   0.234   0.300   0.534  2  ...       
   80   0.725   0.367   1.092  2  ...       
   81   0.267   0.267   0.534  2  ...       
   82   0.225   0.175   0.400  2  ...       
   83   1.086   0.278   1.365  3  WR1-8C    
   84   0.796   0.218   1.013  2  ...       
   85   0.913   0.252   1.164  2  ...       
   86   0.519   0.167   0.687  2  ...       
   87   0.335   0.226   0.561  2  ...       
   88   1.382   0.227   1.608  2  ...       
   89   0.410   0.301   0.712  2  ...       
   90   0.461   0.352   0.813  2  ...       
