 Ser.D   Sum     Win    Total Meas Core
  yr     (cm)    (cm)    (cm) 
    1   0.352   0.235   0.587  1  WR1-8D    
    2   0.218   0.168   0.385  1  ...       
    3   0.251   0.335   0.587  1  ...       
    4   0.436   0.235   0.670  1  ...       
    5   0.821   2.514   3.335  1  ...       
    6   0.410   1.046   1.457  2  WR1-7     
    7   0.302   0.285   0.586  2  ...       
    8   0.276   0.201   0.477  2  ...       
    9   0.452   0.385   0.837  2  ...       
   10   0.419   0.218   0.636  2  ...       
   11   0.326   0.218   0.544  2  ...       
   12   0.360   0.134   0.494  2  ...       
   13   0.654   0.602   1.256  2  ...       
   14   0.520   0.259   0.779  2  ...       
   15   0.160   0.185   0.343  2  ...       
   16   0.284   0.234   0.518  2  ...       
   17   0.242   0.209   0.451  2  ...       
   18   0.301   0.150   0.451  2  ...       
   19   0.393   0.417   0.810  2  ...       
   20   0.418   0.225   0.643  2  ...       
   21   0.343   0.592   0.935  2  ...       
   22   0.518   0.209   0.726  2  ...       
   23   0.134   0.183   0.317  2  ...       
   24   0.267   0.284   0.551  2  ...       
   25   0.601   0.509   1.111  2  ...       
   26   0.317   3.250   3.567  2  ...       
   27   0.959   0.258   1.217  2  ...       
   28   0.518   0.234   0.751  1  ...       
   29   0.417   0.651   1.068  1  ...       
   30   0.684   0.217   0.901  1  ...       
   31   0.401   0.284   0.684  1  ...       
   32   0.317   0.284   0.601  1  ...       
   33   0.318   0.201   0.519  1  ...       
   34   0.485   0.502   0.987  1  ...       
   35   1.105   0.234   1.339  1  ...       
   36   0.452   0.251   0.703  1  ...       
   37   0.787   0.184   0.971  1  ...       
   38   0.285   0.251   0.536  1  ...       
   39   2.611   0.184   2.795  1  ...       
   40   1.121   0.218   1.339  1  ...       
   41   2.683   0.833   3.517  1  ...       
   42   0.717   0.250   0.967  1  ...       
   43   1.454   0.376   1.830  2  WR1-6     
   44   0.977   0.275   1.253  2  ...       
   45   1.437   0.251   1.688  2  ...       
   46   0.911   0.192   1.103  2  ...       
   47   1.237   0.200   1.438  2  ...       
   48   0.610   0.367   0.978  2  ...       
   49   1.119   0.242   1.361  2  ...       
   50   1.386   0.610   1.996  2  ...       
   51   2.424   0.301   2.725  2  ...       
   52   2.365   0.209   2.575  2  ...       
   53   1.794   0.250   2.045  2  ...       
   54   0.500   0.176   0.676  2  ...       
   55   1.302   0.284   1.586  2  ...       
   56   0.718   0.134   0.852  1  ...       
   57   0.768   0.167   0.935  1  ...       
   58   0.718   0.200   0.918  1  ...       
   59   3.245   0.167   3.413  1  ...       
   60   1.054   0.134   1.188  1  ...       
   61   2.074   0.201   2.275  1  ...       
   62   0.903   0.468   1.372  1  ...       
   63   2.158   0.217   2.375  1  ...       
   64   2.559   0.234   2.794  1  ...       
   65   0.703   0.151   0.853  1  ...       
   66   3.367   0.250   3.617  1  ...       
   67   0.817   0.200   1.017  1  ...       
   68   1.533   0.283   1.817  1  ...       
   69   0.961   0.192   1.154  2  WR1-5     
   70   1.371   0.226   1.597  2  ...       
   71   1.421   0.184   1.605  2  ...       
   72   3.720   0.268   3.987  2  ...       
   73   3.024   0.410   3.434  2  ...       
   74   2.610   0.401   3.011  1  ...       
   75   0.602   0.201   0.803  1  ...       
   76   1.271   0.251   1.522  1  ...       
   77   2.120   0.200   2.321  1  ...       
   78   1.419   0.200   1.619  1  ...       
   79   1.436   0.284   1.720  1  ...       
   80   0.885   0.785   1.670  1  ...       
   81   1.035   0.150   1.185  1  ...       
   82   2.057   0.167   2.224  1  ...       
   83   6.873   0.217   7.090  1  ...       
   84  16.767   0.787  17.554  2  WR1-4     
   85   1.684   0.728   2.412  2  ...       
   86   8.108   0.228   8.336  1  ...       
   87   2.710   0.273   2.984  1  ...       
   88   3.607   0.205   3.813  1  ...       
   89   2.854   1.073   3.927  1  ...       
   90   8.319   0.354   8.673  2  WR1-3     
   91   1.381   8.193   9.574  1  ...       
   92   6.817   1.214   8.031  1  ...       
   93   2.863   0.389   3.252  1  ...       
   94   1.374   0.664   2.038  1  ...       
   95   4.645   0.320   4.965  1  ...       
   96   3.158   0.755   3.913  1  ...       
   97   2.105   0.366   2.471  1  ...       
   98   5.555   0.252   5.807  2  WR1-2     
   99   2.285   0.275   2.559  2  ...       
  100   3.752   0.458   4.210  2  ...       
  101   1.032   0.573   1.605  1  ...       
  102   2.890   0.367   3.256  1  ...       
  103   4.401   0.938   5.339  1  ...       
  104   1.556   0.481   2.036  1  ...       
  105   1.464   0.549   2.014  1  ...       
  106   0.915   0.595   1.510  1  ...       
  107   1.350   0.412   1.762  1  ...       
  108   2.906   0.915   3.821  1  ...       
  109   0.618   0.458   1.076  1  ...       
  110   0.938   0.320   1.259  1  ...       
  111   3.799   0.503   4.302  1  ...       
  112   0.641   0.412   1.053  1  ...       
  113   2.769   1.144   3.913  1  ...       
  114   2.910   0.504   3.414  2  WR1-1     
  115   1.283   0.516   1.799  2  ...       
  116   1.089   0.539   1.627  2  ...       
  117   2.098   1.969   4.066  2  ...       
  118   1.628   2.176   3.804  2  ...       
  119   0.711   0.642   1.353  1  ...       
  120   0.665   0.711   1.376  1  ...       
  121   0.849   0.482   1.330  1  ...       
  122   0.688   0.528   1.216  1  ...       
  123   0.986   0.780   1.766  1  ...       
  124   2.041   0.505   2.546  1  ...       
  125   1.078   0.596   1.674  1  ...       
  126   3.532   0.183   3.716  1  ...       
  127   3.647   0.757   4.404  1  ...       
  128   1.290   1.774   3.065  1  ...       
  129   1.982   1.590   3.571  1  ...       
  130   2.627   0.668   3.295  1  ...       
  131   7.388   1.030   8.418  1  ...       
  132   2.449   0.709   3.158  1  ...       
  133   2.563   0.526   3.089  1  ...       
