 Ser.A   Sum     Win    Total Meas Core
  yr     (cm)    (cm)    (cm) 
  201   0.451   0.832   1.283  1  WS2-1     
  202   0.590   0.780   1.370  1  ...       
  203   0.156   0.624   0.780  1  ...       
  204   0.364   0.780   1.144  1  ...       
  205   0.815   0.746   1.561  1  ...       
  206   0.260   0.746   1.006  1  ...       
  207   0.208   0.642   0.850  1  ...       
  208   0.191   0.815   1.006  1  ...       
  209   0.312   0.660   0.972  1  ...       
  210   0.399   0.608   1.007  1  ...       
  211   0.573   0.799   1.372  1  ...       
  212   0.226   0.556   0.781  1  ...       
  213   0.139   1.059   1.198  1  ...       
  214   0.295   0.885   1.181  1  ...       
  215   0.469   0.417   0.885  1  ...       
  216   0.434   0.469   0.903  1  ...       
  217   0.486   0.434   0.920  1  ...       
  218   0.506   1.012   1.517  1  ...       
  219   0.663   0.994   1.657  1  ...       
  220   0.349   0.680   1.029  1  ...       
  221   0.209   0.628   0.837  1  ...       
  222   0.331   1.291   1.622  1  ...       
  223   0.087   0.924   1.012  1  ...       
  224   0.209   0.645   0.855  1  ...       
  225   0.192   1.186   1.378  1  ...       
  226   0.105   1.014   1.118  1  ...       
  227   0.629   2.289   2.918  1  ...       
  228   0.210   0.961   1.171  1  ...       
  229   0.227   0.577   0.804  1  ...       
  230   0.105   1.660   1.765  1  ...       
  231   0.419   1.293   1.713  1  ...       
  232   0.296   0.643   0.939  1  ...       
  233   0.278   1.861   2.139  1  ...       
  234   0.417   0.609   1.026  1  ...       
  235   0.174   0.835   1.009  1  ...       
  236   0.365   0.904   1.270  1  ...       
  237   4.450   0.541   4.991  1  ...       
  238   0.925   0.733   1.658  1  ...       
  239   0.627   0.462   1.090  2  WS2-2     
  240   0.374   0.497   0.872  2  ...       
  241   0.730   0.758   1.488  2  ...       
  242   0.965   0.557   1.523  2  ...       
  243   0.678   0.600   1.279  2  ...       
  244   0.208   0.488   0.696  2  ...       
  245   0.400   0.488   0.887  2  ...       
  246   0.192   0.583   0.775  2  ...       
  247   1.146   0.590   1.736  1  ...       
  248   0.434   0.816   1.250  1  ...       
  249   0.156   0.625   0.781  1  ...       
  250   0.538   0.590   1.128  1  ...       
  251   0.365   0.382   0.747  1  ...       
  252   0.365   0.764   1.128  1  ...       
  253   0.226   0.608   0.833  1  ...       
  254   0.295   0.972   1.267  1  ...       
  255   0.243   0.625   0.868  1  ...       
  256   0.245   0.384   0.629  1  ...       
  257   0.210   1.555   1.765  1  ...       
  258   0.157   0.612   0.769  1  ...       
  259   0.367   0.629   0.996  1  ...       
  260   0.210   0.507   0.716  1  ...       
  261   0.210   0.594   0.804  1  ...       
  262   0.175   0.734   0.909  1  ...       
  263   0.122   0.402   0.524  1  ...       
  264   0.472   0.751   1.223  1  ...       
  265   0.332   0.577   0.909  1  ...       
  266   0.175   0.664   0.839  1  ...       
  267   0.191   0.800   0.991  1  ...       
  268   0.330   0.348   0.678  1  ...       
  269   0.157   0.609   0.765  1  ...       
  270   0.278   0.435   0.713  1  ...       
  271   0.313   0.365   0.678  1  ...       
  272   0.365   0.852   1.217  1  ...       
  273   0.296   0.678   0.974  1  ...       
  274   0.417   1.583   2.000  1  ...       
  275   0.104   0.678   0.783  1  ...       
  276   0.839   0.594   1.433  1  ...       
  277   0.577   0.612   1.188  1  ...       
  278   0.210   0.489   0.699  1  ...       
  279   0.271   0.811   1.081  2  WS2-3     
  280   0.253   0.297   0.549  2  ...       
  281   0.218   0.549   0.768  2  ...       
  282   0.087   0.296   0.383  2  ...       
  283   0.681   0.410   1.090  2  ...       
  284   0.296   0.454   0.750  2  ...       
  285   0.244   0.628   0.872  2  ...       
  286   0.218   0.488   0.706  2  ...       
  287   0.252   0.392   0.645  2  ...       
  288   0.166   0.427   0.592  2  ...       
  289   0.340   0.531   0.872  2  ...       
  290   0.592   0.645   1.237  2  ...       
  291   1.151   0.575   1.726  2  ...       
  292   0.470   0.497   0.967  2  ...       
  293   0.828   0.627   1.456  2  ...       
  294   0.288   0.845   1.133  2  ...       
  295   0.548   0.461   1.009  2  ...       
  296   0.627   0.687   1.313  2  ...       
  297   0.435   0.575   1.010  1  ...       
  298   0.261   0.488   0.749  1  ...       
  299   0.140   0.541   0.680  1  ...       
  300   0.192   0.645   0.837  1  ...       
  301   0.140   0.576   0.715  1  ...       
  302   0.192   1.012   1.203  1  ...       
  303   0.157   0.541   0.698  1  ...       
  304   0.227   0.262   0.488  1  ...       
  305   0.314   0.785   1.099  1  ...       
  306   0.820   0.401   1.221  1  ...       
  307   0.244   0.262   0.506  1  ...       
  308   0.384   0.244   0.628  1  ...       
  309   0.471   0.541   1.012  1  ...       
  310   0.366   0.384   0.750  1  ...       
  311   1.521   0.454   1.975  1  ...       
  312   0.280   0.542   0.822  1  ...       
  313   0.262   0.332   0.594  1  ...       
  314   0.437   1.626   2.063  1  ...       
  315   0.367   0.979   1.346  1  ...       
  316   0.280   0.612   0.891  1  ...       
  317   0.315   2.377   2.692  1  ...       
  318   0.359   0.664   1.023  2  WR2-4     
  319   0.830   0.839   1.669  2  ...       
  320   0.533   0.664   1.197  2  ...       
  321   0.437   0.594   1.031  2  ...       
  322   0.620   1.128   1.747  2  ...       
  323   0.586   0.909   1.494  2  ...       
  324   0.305   3.955   4.260  2  ...       
  325   0.924   0.618   1.542  2  ...       
  326   0.531   2.857   3.388  2  ...       
  327   0.409   0.956   1.365  2  ...       
  328   0.296   0.750   1.046  2  ...       
  329   0.244   1.483   1.727  1  ...       
  330   0.401   0.733   1.134  1  ...       
  331   0.541   0.907   1.448  1  ...       
  332   0.384   1.099   1.483  1  ...       
  333   0.663   0.942   1.605  1  ...       
  334   0.384   0.890   1.274  1  ...       
  335   0.277   0.867   1.144  1  ...       
  336   0.485   0.884   1.369  1  ...       
  337   0.416   0.711   1.127  1  ...       
  338   0.312   1.889   2.201  1  ...       
  339   0.260   0.780   1.040  1  ...       
  340   0.243   0.971   1.213  1  ...       
  341   0.451   0.884   1.334  1  ...       
  342   0.209   0.870   1.078  1  ...       
  343   0.591   0.904   1.496  1  ...       
  344   0.748   0.783   1.530  1  ...       
  345   0.504   0.765   1.270  1  ...       
  346   0.435   0.870   1.304  1  ...       
  347   2.400   0.783   3.183  1  ...       
  348   0.680   0.802   1.483  1  ...       
  349   0.680   1.657   2.337  1  ...       
  350   0.939   0.653   1.592  2  WR2-5     
  351   0.705   0.539   1.244  2  ...       
  352   0.522   0.766   1.288  2  ...       
  353   0.339   0.896   1.235  2  ...       
  354   0.356   1.052   1.408  2  ...       
  355   0.582   0.931   1.513  2  ...       
  356   0.757   0.696   1.452  2  ...       
  357   0.332   1.117   1.448  1  ...       
  358   0.698   1.204   1.902  1  ...       
  359   0.157   1.309   1.466  1  ...       
  360   0.489   1.344   1.832  1  ...       
  361   0.297   0.890   1.187  1  ...       
  362   0.436   1.099   1.536  1  ...       
  363   0.366   1.152   1.518  1  ...       
  364   0.628   0.890   1.518  1  ...       
  365   0.332   1.326   1.658  1  ...       
  366   0.262   0.995   1.257  1  ...       
  367   0.873   1.065   1.937  1  ...       
  368   0.611   0.977   1.588  1  ...       
  369   0.541   1.117   1.658  1  ...       
  370   0.209   1.169   1.379  1  ...       
  371   0.733   1.030   1.763  1  ...       
  372   0.297   0.873   1.169  1  ...       
  373   0.489   0.942   1.431  1  ...       
  374   0.541   1.012   1.553  1  ...       
  375   0.384   0.925   1.309  1  ...       
  376   0.803   1.030   1.832  1  ...       
  377   0.419   0.768   1.187  1  ...       
  378   0.244   0.838   1.082  1  ...       
  379   0.419   0.576   0.995  1  ...       
  380   0.175   0.576   0.750  1  ...       
  381   0.401   0.803   1.204  1  ...       
  382   0.192   0.820   1.012  1  ...       
  383   0.297   2.382   2.993  1  ...       
  384   0.403   0.368   0.771  1  ...       
  385   0.174   0.775   0.950  2  WS2-6     
  386   0.148   1.177   1.325  2  ...       
  387   0.680   0.776   1.456  2  ...       
  388   0.549   1.273   1.822  2  ...       
  389   0.313   0.785   1.099  2  ...       
  390   0.445   0.600   1.045  2  ...       
  391   0.567   1.438   2.003  2  ...       
  392   0.538   0.417   0.955  1  ...       
  393   0.382   0.677   1.059  1  ...       
  394   0.937   1.007   1.944  1  ...       
  395   0.451   0.660   1.111  1  ...       
  396   0.156   0.538   0.694  1  ...       
  397   0.243   0.434   0.677  1  ...       
  398   0.295   0.434   0.729  1  ...       
  399   0.243   0.556   0.799  1  ...       
  400   0.799   0.503   1.302  1  ...       
  401   0.696   0.383   1.078  1  ...       
  402   0.191   0.765   0.956  1  ...       
  403   0.209   0.678   0.887  1  ...       
  404   0.313   0.330   0.643  1  ...       
  405   0.470   0.678   1.148  1  ...       
  406   0.157   0.574   0.730  1  ...       
  407   0.157   0.574   0.730  1  ...       
  408   0.122   0.922   1.043  1  ...       
  409   0.591   0.835   1.426  1  ...       
  410   0.226   0.765   0.991  1  ...       
  411   0.261   0.609   0.870  1  ...       
  412   0.453   0.540   0.992  1  ...       
  413   0.418   0.557   0.975  1  ...       
  414   1.271   0.661   1.932  1  ...       
  415   1.776   0.470   2.246  1  ...       
  416   1.319   0.885   2.205  1  ...       
  417   1.250   0.972   2.222  1  ...       
