      5008    3.30
      5009    6.30
      5010    2.20
      5011    4.95
      5012    4.15
      5013    2.90
      5014    5.60
      5015    1.70
      5016    3.40
      5017    1.30
      5018    2.90
      5019    1.10
      5020    2.70
      5021    2.60
      5022    1.20
      5023    3.50
      5024    0.90
      5025    3.00
      5026    1.50
      5027    1.50
      5028    3.15
      5029    1.25
      5030    5.30
      5031    2.50
      5032    3.00
      5033    3.30
      5034    2.00
      5035    2.55
      5036    4.10
      5037    1.60
      5038    2.15
      5039    0.60
      5040    4.00
      5041    0.90
      5042    1.45
      5043    7.30
      5044    2.10
      5045    1.20
      5046    6.35
      5047    3.90
      5048    1.50
      5049    3.30
      5050    1.10
      5051    0.75
      5052    1.55
      5053    1.40
      5054    1.50
      5055    3.00
      5056    5.45
      5057    6.30
      5058    3.60
      5059    8.00
      5060    6.50
      5061    6.25
      5062    5.00
      5063    6.00
      5064    0.80
      5065    4.05
      5066    7.10
      5067    3.20
      5068    3.20
      5069    1.50
      5070    0.00
      5071    0.00
      5072    0.00
      5073    1.80
      5074    9.10
      5075    4.60
      5076    4.45
      5077    2.30
      5078    4.00
      5079    0.00
      5080    4.20
      5081    5.40
      5082    1.80
      5083    3.80
      5084    3.40
      5085    2.90
      5086    3.30
      5087    3.40
      5088    2.50
      5089    5.20
      5090    3.10
      5091    4.80
      5092    2.80
      5093    6.05
      5094    3.40
      5095    2.40
      5096    4.80
      5097    5.10
      5098    3.40
      5099    3.10
      5100    2.65
      5101    0.00
      5102    0.00
      5103    1.35
      5104    4.55
      5105    2.55
      5106    2.75
      5107    3.60
      5108    3.50
      5109    3.40
      5110    3.15
      5111    3.20
      5112    2.45
      5113    4.35
      5114    2.20
      5115    5.10
      5116    2.75
      5117    2.30
      5118    2.65
      5119    5.40
      5120    4.20
      5121    3.95
      5122    1.80
      5123    2.30
      5124    3.55
      5125    5.15
      5126    5.00
      5127    4.85
      5128    1.40
      5129    4.15
      5130    1.60
      5131    3.55
      5132    3.50
      5133    3.80
      5134    4.60
      5135    2.10
      5136    2.95
      5137    2.15
      5138    1.85
      5139    2.45
      5140    6.10
      5141    3.05
      5142    2.55
      5143    1.45
      5144    1.75
      5145    2.95
      5146    3.60
      5147    3.40
      5148    3.65
      5149    0.00
      5150    5.35
      5151    2.90
      5152    1.60
      5153    3.90
      5154    2.20
      5155    2.75
      5156    1.60
      5157    2.20
      5158    3.30
      5159    3.10
      5160    5.35
      5161    1.90
      5162    2.40
      5163    3.00
      5164    2.15
      5165    3.10
      5166    1.50
      5167    2.25
      5168    2.60
      5169    1.80
      5170    3.85
      5171    2.60
      5172    1.90
      5173    3.90
      5174    2.50
      5175    1.65
      5176    2.90
      5177    2.70
      5178    2.30
      5179    2.65
      5180    2.30
      5181    2.20
      5182    1.75
      5183    1.80
      5184    1.75
      5185    4.20
      5186    2.70
      5187    3.10
      5188    4.25
      5189    3.60
      5190    2.00
      5191    3.90
      5192    2.25
      5193    1.65
      5194    4.00
      5195    1.15
      5196    1.50
      5197    1.70
      5198    2.30
      5199    3.85
      5200    4.50
      5201    2.75
