    5118   1.501
    5119   4.109
    5120   2.787
    5121   2.790
    5122   3.203
    5123   3.838
    5124   3.370
    5125   3.059
    5126   3.051
    5127   2.714
    5128   4.203
    5129   2.435
    5130   5.078
    5131   3.009
    5132   2.265
    5133   2.835
    5134   5.554
    5135   4.299
    5136   4.013        split estimate
    5137   0.500    NEW-split estimate
    5138   2.159
    5139   2.216
    5140   3.820
    5141   5.055
    5142   4.941
    5143   4.788
    5144   2.646
    5145   4.719
    5146   1.976
    5147   3.890
    5148   3.620
    5149   3.821
    5150   5.172
    5151   1.934
    5152   3.142
    5153   2.663
    5154   1.792
    5155   2.829
    5156   4.845
    5157   3.035
    5158   2.425
    5159   2.013
    5160   2.840
    5161   3.105
    5162   2.966
    5163   2.867
    5164   4.176
    5165   2.446
    5166   5.984
    5167   3.295
    5168   1.591
    5169   4.026
    5170   2.309
    5171   2.803
    5172   1.651
    5173   2.300
    5174   3.384
    5175   3.184
    5176   5.426
    5177   2.258
    5178   2.675
    5179   3.244
    5180   5.473
    5181   1.573
    5182   2.053
    5183   3.857
    5184   1.896
    5185   4.189
    5186   2.755
    5187   2.491
    5188   4.102
    5189   2.900
    5190   1.402
    5191   2.872
    5192   2.850
    5193   2.407
    5194   2.823
    5195   2.456
    5196   2.847
    5197   1.825
    5198   1.906
    5199   0.949
    5200   1.827
    5201   4.157
    5202   2.956
    5203   0.919
    5204   3.262
    5205   4.076
    5206   3.606
    5207   4.010
    5208   5.709
    5209   2.890
    5210   1.355
    5211   4.082
    5212   1.071
    5213   1.499
    5214   1.696
    5215   2.434
    5216   3.838
    5217   4.584
    5218   3.734
    5219   1.989
    5220   1.321
    5221   4.089
    5222   5.054
    5223   1.574
    5224   1.904
    5225   2.207
    5226   2.200
    5227   3.113
    5228   1.266
    5229   2.658
    5230   0.968
    5231   3.499
    5232   1.886
    5233   4.935
    5234   3.711
    5235   1.801
    5236   1.859
    5237   1.916
    5238   5.494
    5239   2.627
    5240   1.521
    5241   1.578
    5242   2.995
    5243   4.280
    5244   2.140
    5245   1.912
    5246   3.069
    5247   1.770
    5248   1.388
    5249   2.117
    5250   1.761
    5251   1.599
    5252   3.622
    5253   2.956
    5254   1.876
