3297	0.719	0.548	1.267	1	KFD#9
3298	0.428	0.582	1.01	1	...
3299	0.685	0.856	1.541	1	...
3300	0.445	0.651	1.096	1	...
3301	0.325	0.599	0.925	1	...
3302	0.668	0.599	1.267	1	...
3303	0.77	0.565	1.335	1	...
3304	0.805	0.942	1.746	1	...
3305	0.137	0.257	0.394	1	...
3306	0.239	0.649	0.889	1	...
3307	0.222	0.427	0.649	1	...
3308	0.769	0.957	1.726	1	...
3309	0.359	0.872	1.231	1	...
3310	0.957	0.94	1.897	1	...
3311	0.308	0.649	0.957	1	...
3312	0.547	0.718	1.265	1	...
3313	0.427	0.632	1.06	1	...
3314	0.103	0.393	0.496	1	...
3315	0.991	0.838	1.829	1	...
3316	0.566	0.686	1.252	1	...
3317	0.274	0.549	0.823	1	...
3318	0.686	1.201	1.887	1	...
3319	0.189	0.48	0.669	1	...
3320	0.36	0.583	0.943	1	...
3321	0.446	0.703	1.149	1	...
3322	0.6	0.669	1.269	1	...
3323	0.172	0.429	0.6	1	...
3324	0.669	0.892	1.561	1	...
3325	0.257	0.669	0.926	1	...
3326	0.36	0.6	0.961	1	...
3327	0.374	0.731	1.105	1	...
3328	0.136	0.323	0.459	1	...
3329	0.17	0.357	0.527	1	...
3330	0.204	0.374	0.578	1	...
3331	0.04	0.11	0.15	1	NEW
3332	0.377	0.561	0.938	1	...
3333	0.153	0.357	0.51	1	...
3334	0.323	0.663	0.986	1	...
3335	0.612	1.02	1.633	1	Redmud
3336	0.544	1.003	1.548	1	...
3337	1.582	1.378	2.959	1	...
3338	0.272	0.731	1.003	1	...
3339	0.093	0.372	0.465	2	KFD#8
3340	0.228	0.634	0.862	2	...
3341	0.355	0.726	1.082	2	...
3342	0.262	0.583	0.845	2	...
3343	0.498	0.895	1.394	2	...
3344	0.06	0.303	0.363	2	...
3345	0.317	0.867	1.183	1	...
3346	0.467	0.933	1.4	1	...
3347	0.383	0.75	1.133	1	...
3348	0.267	0.517	0.783	1	...
3349	0.333	0.55	0.883	1	...
3350	0.4	0.683	1.083	1	...
3351	0.428	0.758	1.186	1	...
3352	0.412	0.675	1.087	1	...
3353	0.939	1.054	1.993	1	...
3354	1.318	1.285	2.603	1	...
3355	0.181	0.428	0.61	1	...
3356	0.511	0.643	1.153	1	...
3357	0.198	0.412	0.61	1	...
3358	0.132	0.478	0.61	1	...
3359	0.231	0.527	0.758	1	...
3360	0.264	0.643	0.906	1	...
3361	0.244	0.541	0.785	1	...
3362	0.14	0.558	0.698	1	...
3363	0.157	0.454	0.611	1	...
3364	0.663	0.855	1.518	1	...
3365	0.209	0.646	0.855	1	...
3366	0.087	0.436	0.524	1	...
3367	0.332	0.803	1.134	1	...
3368	0.558	1.082	1.64	1	...
3369	0.192	0.716	0.907	1	...
3370	0.105	0.541	0.646	1	...
3371	0.471	0.698	1.169	1	...
3372	0.192	0.82	1.012	1	...
3373	0.192	0.593	0.785	1	...
3374	0.564	0.889	1.453	1	...
3375	0.346	0.752	1.097	2	KFD#7
3376	0.422	0.785	1.207	2	...
3377	0.11	0.313	0.422	2	...
3378	0.262	0.6	0.862	2	...
3379	0.313	0.684	0.996	2	...
3380	0.456	0.532	0.988	2	...
3381	0.227	0.718	0.946	2	...
3382	0.262	0.786	1.048	2	...
3383	0.701	0.912	1.613	2	...
3384	0.093	0.271	0.363	2	NEW
3385	0.372	0.692	1.064	2	...
3386	0.152	0.465	0.616	2	...
3387	0.244	0.58	0.824	2	...
3388	0.261	0.538	0.799	2	...
3389	0.227	0.564	0.79	2	...
3390	0.278	0.689	0.967	2	...
3391	0.109	0.53	0.639	2	...
3392	0.597	0.882	1.48	2	...
3393	0.631	0.706	1.337	2	...
3394	1.185	1.152	2.337	1	...
3395	1.386	1.252	2.638	1	...
3396	0.1	0.401	0.501	1	...
3397	0.627	1.139	1.766	1	...
3398	0.594	0.89	1.484	1	...
3399	0.03	0.12	0.15	1	NEW
3400	0.149	0.33	0.479	1	...
3401	0.429	0.495	0.924	1	...
3402	0.116	0.429	0.545	1	...
3403	0.198	0.396	0.594	1	...
3404	0.413	0.693	1.106	1	...
3405	0.38	0.776	1.155	1	...
3406	0.396	0.66	1.056	1	...
3407	0.182	0.545	0.726	1	...
3408	0.528	0.908	1.436	1	...
3409	0.198	0.462	0.66	1	...
3410	0.367	0.817	1.183	1	...
3411	0.183	0.583	0.767	1	...
3412	0.417	0.717	1.133	1	...
3413	0.25	0.467	0.717	1	...
3414	0.367	0.533	0.9	1	...
3415	0.5	0.717	1.217	1	...
3416	0.35	0.55	0.9	1	...
3417	0.183	0.567	0.75	1	...
3418	0.433	0.733	1.167	1	...
3419	0.333	0.7	1.033	1	...
3420	0.467	0.9	1.367	1	...
3421	0.184	0.477	0.66	2	KFD#6
3422	0.493	0.668	1.161	2	...
3423	0.534	0.684	1.219	2	...
3424	0.458	0.692	1.152	2	...
3425	0.459	0.776	1.235	2	...
3426	0.159	0.317	0.476	2	...
3427	0.617	0.801	1.419	2	...
3428	0.409	0.684	1.094	2	...
3429	0.359	0.969	1.327	2	...
3430	0.409	0.584	0.993	2	...
3431	0.276	0.536	0.813	2	...
3432	0.27	0.693	0.963	1	...
3433	0.169	0.574	0.743	1	...
3434	0.203	0.608	0.811	1	...
3435	0.507	1.03	1.537	1	...
3436	0.524	0.828	1.351	1	...
3437	0.236	0.574	0.811	1	...
3438	0.405	0.743	1.149	1	...
3439	0.118	0.338	0.456	1	...
3440	0.321	0.693	1.014	1	...
3441	0.186	0.726	0.912	1	...
3442	0.355	1.03	1.385	1	...
3443	0.197	0.579	0.776	1	...
3444	0.145	0.697	0.842	1	...
3445	0.539	0.908	1.447	1	...
3446	0.395	0.737	1.132	1	...
3447	0.211	0.434	0.645	1	...
3448	0.092	0.184	0.276	1	...
3449	0.579	0.895	1.474	1	...
3450	0.539	0.921	1.461	1	...
3451	3.455	1.848	5.303	1	...
3452	0.652	0.682	1.333	1	...
3453	0.152	0.5	0.652	1	...
3454	0.197	0.394	0.591	1	...
3455	0.303	0.606	0.909	1	...
3456	0.242	0.742	0.985	1	...
3457	0.152	0.366	0.518	1	...
3458	0.29	0.534	0.823	1	...
3459	0.198	0.518	0.716	1	...
3460	0.381	0.777	1.159	1	...
3461	0.488	0.793	1.28	1	...
3462	0.945	1.265	2.21	1	...
3463	0.046	0.244	0.29	1	...
3464	0.076	0.168	0.244	1	...
3465	0.091	0.32	0.412	1	...
3466	0.29	0.854	1.143	1	...
3467	0.213	0.655	0.869	1	...
3468	0.67	0.712	1.382	1	...
3469	0.266	0.673	0.939	2	KFD#5
3470	0.624	0.801	1.425	2	...
3471	0.492	0.706	1.198	2	...
3472	0.538	0.783	1.321	1	...
3473	0.391	0.359	0.75	1	...
3474	0.31	0.571	0.881	1	...
3475	0.212	0.457	0.669	1	...
3476	0.196	0.375	0.571	1	...
3477	0.375	0.571	0.946	1	...
3478	0.587	0.767	1.354	1	...
3479	0.12	0.07	0.19	1	NEW
3480	0.421	0.454	0.875	1	...
3481	0.162	0.389	0.551	1	...
3482	0.551	0.713	1.264	1	...
3483	0.891	0.843	1.734	1	...
3484	0.664	0.648	1.313	1	...
3485	0.243	0.292	0.535	1	...
3486	0.292	0.357	0.648	1	...
3487	0.113	0.34	0.454	1	...
3488	0.292	0.583	0.875	1	...
3489	0.34	0.746	1.086	1	...
3490	0.276	0.632	0.908	1	...
3491	0.357	0.567	0.924	1	...
3492	0.667	0.813	1.48	1	...
3493	0.374	0.846	1.22	1	...
3494	0.39	0.634	1.024	1	...
3495	0.26	0.504	0.764	1	...
3496	0.813	0.78	1.593	1	...
3497	0.341	0.553	0.894	1	...
3498	0.211	0.374	0.585	1	...
3499	0.341	0.52	0.862	1	...
3500	0.179	0.358	0.537	1	...
3501	0.341	0.488	0.829	1	...
3502	0.358	0.683	1.041	1	...
3503	0.553	0.797	1.351	1	...
3504	0.114	0.146	0.26	1	...
3505	0.146	0.374	0.521	1	...
3506	0.391	0.602	0.993	1	...
3507	0.325	0.521	0.846	1	...
3508	0.635	0.781	1.416	1	...
3509	0.244	0.423	0.667	1	...
3510	0.553	0.765	1.318	1	...
3511	0.423	0.472	0.895	1	...
3512	0.814	0.684	1.497	1	...
3513	0.537	0.863	1.4	1	...
3514	0.276	0.438	0.713	1	...
3515	0.421	0.778	1.199	1	...
3516	1.199	1.151	2.35	1	...
3517	1.199	1.07	2.269	1	...
3518	0.259	0.567	0.827	1	...
3519	0.097	0.113	0.211	1	NEW
3520	0.146	0.373	0.519	1	...
3521	0.292	0.405	0.697	1	...
3522	0.519	0.389	0.908	1	...
3523	0.299	0.437	0.736	2	KFD#4
3524	0.178	0.323	0.502	2	...
3525	0.38	0.574	0.954	2	...
3526	0.258	0.606	0.864	2	...
3527	0.177	0.468	0.645	1	...
3528	0.161	0.468	0.629	1	...
3529	0.161	0.677	0.839	1	...
3530	0.468	0.871	1.339	1	...
3531	0.258	0.79	1.048	1	...
3532	0.226	0.484	0.71	1	...
3533	0.29	0.581	0.871	1	...
3534	0.516	0.742	1.258	1	...
3535	0.177	0.306	0.484	1	...
3536	0.29	0.355	0.645	1	...
3537	0.608	1.002	1.609	1	...
3538	0.279	0.591	0.87	1	...
3539	0.443	0.69	1.133	1	...
3540	0.919	0.788	1.708	1	...
3541	0.476	0.673	1.149	1	...
3542	0.115	0.213	0.328	1	...
3543	0.608	0.887	1.494	1	...
3544	0.164	0.328	0.493	1	...
3545	0.213	0.493	0.706	1	...
3546	0.558	0.919	1.478	1	...
3547	0.213	0.558	0.772	1	...
3548	0.393	0.623	1.016	1	...
3549	0.098	0.262	0.361	1	...
3550	0.361	0.672	1.033	1	...
3551	0.377	0.803	1.18	1	...
3552	0.459	0.705	1.164	1	...
3553	0.393	0.721	1.115	1	...
3554	0.18	0.426	0.607	1	...
3555	0.295	0.721	1.016	1	...
3556	1.492	1.033	2.525	1	...
3557	0.082	0.213	0.295	1	...
3558	0.328	0.672	1	1	...
3559	0.558	0.837	1.396	1	...
3560	0.115	0.312	0.427	1	...
3561	0.493	0.854	1.346	1	...
3562	0.624	0.772	1.396	1	...
3563	0.131	0.361	0.493	1	...
3564	0.115	0.345	0.46	1	...
3565	0.263	0.69	0.952	1	...
3566	0.197	0.608	0.805	1	...
3567	0.082	0.312	0.394	1	...
3568	0.164	0.427	0.591	1	...
3569	0.952	0.788	1.741	1	...
3570	1.034	0.952	1.987	1	...
3571	0.345	0.839	1.184	1	...
3572	0.576	0.641	1.217	1	...
3573	0.872	1.168	2.039	1	...
3574	0.625	0.839	1.464	1	...
3575	0.28	0.345	0.625	1	...
3576	0.28	0.444	0.724	1	...
3577	0.164	0.247	0.411	1	...
3578	0.395	0.543	0.937	1	...
3579	0.494	0.453	0.946	2	KFD#3
3580	0.247	0.214	0.461	2	...
3581	0.354	0.411	0.765	2	...
3582	0.313	0.461	0.774	1	...
3583	0.247	0.428	0.675	1	...
3584	0.198	0.329	0.527	1	...
3585	0.494	0.577	1.071	1	...
3586	0.297	0.329	0.626	1	falwtr
3587	0.395	0.478	0.873	1	...
3588	0.313	0.494	0.807	1	...
3589	0.313	0.494	0.807	1	...
3590	0.132	0.313	0.445	1	...
3591	0.04	0.11	0.15	1	NEW
3592	0.311	0.494	0.805	1	...
3593	0.148	0.428	0.577	1	...
3594	0.196	0.507	0.704	1	...
3595	0.115	0.344	0.458	1	...
3596	0.147	0.393	0.54	1	...
3597	0.704	0.736	1.44	1	...
3598	0.524	0.704	1.227	1	...
3599	0.147	0.245	0.393	1	...
3600	0.54	0.671	1.211	1	...
3601	0.196	0.409	0.606	1	...
3602	0.327	0.475	0.802	1	...
3603	0.262	0.426	0.687	1	...
3604	0.196	0.442	0.638	1	...
3605	0.556	0.638	1.195	1	...
3606	0.098	0.229	0.327	1	...
3607	0.589	0.671	1.26	1	...
3608	0.75	0.962	1.713	1	...
3609	0.359	0.571	0.93	1	...
3610	0.114	0.343	0.457	1	...
3611	0.424	0.294	0.718	1	...
3612	0.179	0.506	0.685	1	...
3613	0.392	0.392	0.783	1	...
3614	0.489	0.701	1.191	1	...
3615	0.196	0.555	0.75	1	...
3616	0.212	0.44	0.653	1	...
3617	0.506	0.685	1.191	1	...
3618	0.31	0.424	0.734	1	...
3619	0.147	0.261	0.408	1	...
3620	0.082	0.147	0.228	1	...
3621	0.114	0.424	0.538	1	...
3622	0.326	0.604	0.93	1	...
3623	0.228	0.555	0.783	1	...
3624	0.277	0.604	0.881	1	...
3625	0.261	0.62	0.881	1	...
3626	0.343	0.669	1.011	1	...
3627	0.553	0.605	1.158	2	KFC#11
3628	0.279	0.571	0.85	2	...
3629	0.522	0.648	1.17	2	...
3630	0.209	0.47	0.679	2	...
3631	0.223	0.321	0.544	2	...
3632	0.441	0.743	1.184	2	...
3633	0.382	0.558	0.941	2	...
3634	0.518	0.595	1.112	2	...
3635	0.196	0.116	0.177	3	NEW-KFD#2
3636	0.378	0.564	0.942	3	...
3637	0.134	0.334	0.469	3	...
3638	0.242	0.485	0.728	3	...
3639	0.262	0.496	0.758	3	...
3640	0.252	0.489	0.741	3	...
3641	0.656	0.895	1.551	3	...
3642	0.411	0.546	0.957	3	...
3643	0.264	0.516	0.781	3	...
3644	0.514	0.632	1.146	3	...
3645	0.318	0.471	0.789	3	...
3646	0.162	0.25	0.411	3	...
3647	0.386	0.589	0.974	3	...
3648	0.199	0.313	0.512	2	...
3649	0.076	0.164	0.24	2	NEW
3650	0.523	0.581	1.105	2	...
3651	0.589	0.606	1.195	2	...
3652	0.702	1.048	1.75	2	...
3653	0.204	0.493	0.697	2	...
3654	0.178	0.331	0.509	2	...
3655	0.118	0.255	0.374	2	...
3656	0.313	0.489	0.803	2	...
3657	0.396	0.633	1.028	2	...
3658	0.15	0.375	0.524	2	...
3659	0.104	0.276	0.382	2	...
3660	0.171	0.438	0.608	2	...
3661	0.418	0.661	1.079	2	...
3662	0.59	0.654	1.243	2	...
3663	0.261	0.533	0.793	2	...
3664	0.268	0.49	0.758	2	...
3665	0.194	0.541	0.735	2	...
3666	0.343	0.758	1.1	2	...
3667	0.248	0.518	0.767	2	...
3668	0.349	0.505	0.854	2	...
3669	0.219	0.496	0.714	2	...
3670	0.474	0.666	1.14	2	...
3671	0.308	0.518	0.825	2	...
3672	0.755	0.719	1.474	2	...
3673	0.203	0.294	0.496	2	...
3674	0.162	0.34	0.502	2	...
3675	0.148	0.273	0.42	2	...
3676	0.37	0.475	0.845	2	...
3677	0.173	0.333	0.506	2	...
3678	0.534	0.591	1.124	3	KFC#10
3679	0.411	0.494	0.904	3	...
3680	0.184	0.452	0.635	3	...
3681	0.457	0.74	1.197	3	...
3682	0.57	0.88	1.45	3	...
3683	0.14	0.27	0.41	3	...
3684	0.315	0.612	0.927	3	...
3685	0.154	0.265	0.418	3	...
3686	0.454	0.523	0.977	3	...
3687	0.569	0.751	1.319	3	...
3688	0.169	0.293	0.462	3	...
3689	0.259	0.292	0.551	3	...
3690	0.343	0.459	0.801	4	KFD#1
3691	0.346	0.65	0.995	4	...
3692	1.163	0.916	2.08	3	...
3693	0.159	0.387	0.546	3	...
3694	0.301	0.309	0.61	3	...
3695	0.371	0.517	0.888	3	...
3696	0.248	0.383	0.63	3	...
3697	0.288	0.482	0.769	3	...
3698	0.317	0.486	0.802	3	...
3699	0.392	0.544	0.936	3	...
3700	0.692	0.867	1.559	2	...
3701	0.567	0.6	1.166	2	...
3702	0.239	0.355	0.595	2	...
3703	0.163	0.429	0.592	2	...
3704	0.166	0.275	0.441	2	...
3705	0.429	0.674	1.102	2	...
3706	0.171	0.332	0.503	2	...
3707	0.33	0.605	0.935	2	...
3708	0.424	0.615	1.039	2	...
3709	0.521	0.764	1.285	2	...
3710	0.129	0.196	0.325	2	...
3711	0.463	0.685	1.148	2	...
3712	0.338	0.432	0.77	2	...
3713	0.105	0.07	0.175	2	NEW
3714	0.299	0.54	0.84	2	...
3715	0.264	0.401	0.665	2	...
3716	0.205	0.536	0.74	2	...
3717	0.179	0.41	0.59	2	...
3718	0.398	0.59	0.989	2	...
3719	0.287	0.52	0.807	2	...
3720	0.49	0.732	1.224	2	...
3721	0.467	0.582	1.049	2	...
3722	0.322	0.442	0.763	2	...
3723	0.422	0.474	0.895	2	...
3724	0.436	0.623	1.059	2	...
3725	0.944	0.856	1.8	2	...
3726	0.297	0.586	0.884	3	KF09#8
3727	1.168	0.796	1.964	3	...
3728	0.64	0.649	1.289	4	KFC#9
3729	0.776	0.779	1.556	4	...
3730	0.352	0.335	0.687	4	...
3731	0.484	0.511	0.995	4	...
3732	0.67	0.523	1.194	4	...
3733	0.49	0.557	1.048	4	...
3734	0.29	0.425	0.716	4	...
3735	0.466	0.574	1.041	4	...
3736	0.158	0.23	0.387	4	...
3737	0.464	0.613	1.077	4	...
3738	0.31	0.367	0.676	4	...
3739	0.618	0.384	1.002	4	...
3740	1.09	0.419	1.51	3	...
3741	0.303	0.282	0.584	3	...
3742	0.13	0.225	0.355	3	...
3743	0.171	0.244	0.416	3	...
3744	0.146	0.165	0.312	3	...
3745	0.204	0.396	0.601	3	...
3746	0.224	0.382	0.606	3	...
3747	0.441	0.42	0.86	3	...
3748	0.396	0.399	0.796	3	...
3749	0.701	0.525	1.224	3	...
3750	0.354	0.313	0.666	3	...
3751	0.472	0.627	1.098	3	...
3752	0.192	0.288	0.48	3	...
3753	0.1	0.148	0.248	3	...
3754	0.278	0.409	0.687	3	...
3755	0.142	0.212	0.353	3	...
3756	0.424	0.574	0.997	3	...
3757	0.516	0.439	0.955	3	...
3758	0.335	0.278	0.613	2	...
3759	0.498	0.651	1.149	2	...
3760	0.381	0.435	0.815	2	...
3761	0.147	0.284	0.43	2	...
3762	0.679	0.577	1.257	2	...
3763	0.52	0.358	0.877	2	...
3764	0.182	0.336	0.517	2	...
3765	0.479	0.512	0.991	2	...
3766	0.63	0.554	1.185	2	...
3767	0.404	0.309	0.714	2	...
3768	0.296	0.331	0.628	2	...
3769	0.189	0.319	0.509	2	...
3770	0.404	0.518	0.923	2	...
3771	0.317	0.35	0.668	2	...
3772	0.401	0.539	0.941	2	...
3773	0.383	0.47	0.853	2	...
3774	0.559	0.523	1.083	2	...
3775	0.271	0.46	0.732	3	KF09#6
3776	0.504	0.438	0.942	3	...
3777	0.488	0.604	1.092	2	...
3778	0.287	0.398	0.684	3	KFC#8
3779	0.351	0.474	0.825	3	...
3780	0.167	0.317	0.483	3	...
3781	0.171	0.195	0.366	3	...
3782	0.321	0.44	0.761	3	...
3783	0.959	0.849	1.808	3	...
3784	0.234	0.414	0.648	3	...
3785	0.334	0.49	0.824	3	...
3786	0.819	0.559	1.378	3	...
3787	0.368	0.39	0.756	3	...
3788	0.187	0.303	0.489	3	...
3789	0.753	0.708	1.461	3	...
3790	0.468	0.435	0.903	3	...
3791	0.441	0.431	0.871	3	...
3792	0.281	0.351	0.632	3	...
3793	0.427	0.367	0.794	3	...
3794	0.442	0.439	0.882	2	...
3795	0.276	0.381	0.657	2	...
3796	0.327	0.417	0.744	2	...
3797	0.206	0.273	0.479	2	...
3798	0.068	0.084	0.153	2	...
3799	0.12	0.23	0.35	2	...
3800	0.585	0.717	1.302	2	...
3801	0.783	0.638	1.421	2	...
3802	0.475	0.294	0.768	2	...
3803	0.335	0.476	0.812	2	...
3804	0.443	0.663	1.106	2	...
3805	0.419	0.59	1.01	2	...
3806	0.189	0.25	0.438	2	...
3807	0.26	0.252	0.512	2	...
3808	0.497	0.423	0.919	2	...
3809	0.197	0.225	0.421	2	...
3810	0.294	0.342	0.637	2	...
3811	0.44	0.521	0.961	2	...
3812	0.387	0.371	0.757	2	...
3813	0.1	0.264	0.363	2	...
3814	0.184	0.271	0.455	2	...
3815	0.124	0.252	0.376	2	...
3816	0.424	0.475	0.9	2	...
3817	1.148	0.654	1.802	2	...
3818	0.077	0.106	0.183	2	...
3819	0.164	0.35	0.516	2	...
3820	0.128	0.195	0.323	2	...
3821	0.248	0.364	0.612	2	...
3822	0.158	0.239	0.397	2	...
3823	0.47	0.602	1.073	2	...
3824	0.122	0.219	0.34	2	...
3825	0.309	0.361	0.671	2	...
3826	0.183	0.179	0.362	2	...
3827	0.384	0.444	0.829	2	...
3828	0.493	0.597	1.089	2	...
3829	0.447	0.43	0.878	2	...
3830	0.129	0.188	0.316	2	...
3831	0.192	0.28	0.472	2	...
3832	0.289	0.327	0.617	2	...
3833	0.942	0.956	1.897	2	KFC#7
3834	0.104	0.152	0.256	2	...
3835	0.132	0.276	0.409	2	...
3836	0.332	0.443	0.775	2	...
3837	0.401	0.692	1.094	2	...
3838	0.221	0.332	0.553	2	...
3839	0.373	0.56	0.934	2	C14age
3840	0.111	0.201	0.311	2	...
3841	0.422	0.45	0.871	2	...
3842	0.201	0.263	0.464	2	...
3843	0.421	0.477	0.899	2	...
3844	0.407	0.442	0.85	2	...
3845	0.325	0.567	0.891	2	...
3846	0.512	0.574	1.086	2	...
3847	0.56	0.664	1.224	2	...
3848	0.318	0.442	0.761	2	...
3849	0.282	0.4	0.683	2	...
3850	0.699	0.643	1.342	2	...
3851	0.553	0.539	1.093	2	...
3852	0.915	0.86	1.775	1	...
3853	0.957	0.596	1.553	1	...
3854	0.888	0.624	1.512	1	...
3855	0.222	0.236	0.458	1	...
3856	0.097	0.139	0.236	1	...
3857	0.43	0.458	0.888	1	...
3858	0.417	0.458	0.875	1	...
3859	0.361	0.347	0.708	1	...
3860	0.458	0.5	0.958	1	...
3861	0.361	0.278	0.639	1	...
3862	0.278	0.319	0.597	1	...
3863	0.819	0.611	1.43	1	...
3864	0.431	0.819	1.25	1	...
3865	0.43	0.52	0.95	2	KFC#6
3866	0.083	0.124	0.208	2	thinvrv
3867	0.236	0.284	0.52	2	...
3868	0.374	0.478	0.852	2	...
3869	0.139	0.194	0.332	2	...
3870	0.111	0.326	0.437	2	...
3871	0.673	0.534	1.206	2	...
3872	0.264	0.346	0.61	2	...
3873	0.16	0.291	0.451	2	...
3874	0.638	0.562	1.199	2	...
3875	0.638	0.527	1.165	2	...
3876	0.576	0.423	0.998	2	...
3877	0.139	0.265	0.404	2	...
3878	0.125	0.202	0.326	2	...
3879	0.459	0.668	1.126	2	...
3880	0.57	0.591	1.161	2	...
3881	0.457	0.543	1.001	3	KF09#4
3882	0.389	0.421	0.81	3	...
3883	0.32	0.337	0.658	3	...
3884	0.605	0.523	1.128	3	...
3885	0.675	0.574	1.248	3	...
3886	0.216	0.281	0.498	3	...
3887	0.175	0.17	0.344	3	...
3888	0.494	0.526	1.019	3	...
3889	0.518	0.496	1.014	3	...
3890	0.576	0.657	1.234	3	...
3891	0.822	0.617	1.438	3	...
3892	0.75	0.655	1.405	3	...
3893	0.758	0.44	1.198	3	...
3894	0.348	0.257	0.605	2	...
3895	0.498	0.46	0.958	2	...
3896	0.367	0.441	0.807	2	...
3897	0.27	0.365	0.636	2	...
3898	0.368	0.348	0.715	2	...
3899	0.564	0.669	1.233	2	...
3900	0.167	0.213	0.381	2	...
3901	0.6	0.489	1.089	2	...
3902	0.444	0.498	0.942	2	...
3903	0.766	0.646	1.411	2	...
3904	0.767	0.683	1.45	2	...
3905	0.195	0.327	0.522	2	...
3906	0.223	0.306	0.529	2	falwtr
3907	0.775	0.597	1.372	2	...
3908	0.105	0.146	0.251	2	...
3909	0.479	0.589	1.069	2	...
3910	0.149	0.198	0.347	2	...
3911	0.276	0.326	0.603	2	...
3912	0.276	0.424	0.7	2	...
3913	0.469	0.492	0.961	2	...
3914	0.36	0.306	0.666	2	...
3915	0.255	0.386	0.64	2	...
3916	0.516	0.454	0.969	2	...
3917	0.358	0.548	0.905	2	...
3918	0.212	0.319	0.531	2	...
3919	0.284	0.491	0.775	2	...
3920	0.364	0.528	0.891	2	...
3921	0.407	0.453	0.859	2	...
3922	0.234	0.245	0.478	2	...
3923	0.548	0.606	1.153	3	KFC#5
3924	0.168	0.219	0.388	3	...
3925	0.243	0.242	0.486	3	...
3926	0.504	0.484	0.987	3	...
3927	0.526	0.532	1.058	3	...
3928	0.374	0.532	0.905	3	...
3929	0.283	0.434	0.717	3	...
3930	0.41	0.392	0.802	3	...
3931	0.476	0.536	1.013	3	...
3932	0.573	0.413	0.986	3	...
3933	0.773	0.483	1.257	1	...
3934	0.331	0.359	0.691	1	...
3935	1.022	0.525	1.547	1	...
3936	0.566	0.497	1.064	1	...
3937	0.124	0.193	0.318	1	...
3938	0.359	0.318	0.677	1	...
3939	0.359	0.456	0.815	1	...
3940	0.347	0.43	0.777	1	...
3941	0.222	0.527	0.749	1	...
3942	0.291	0.569	0.86	1	...
3943	0.416	0.471	0.888	1	...
3944	1.109	0.721	1.83	1	...
3945	0.43	0.374	0.804	1	...
3946	0.222	0.25	0.471	1	...
3947	0.666	0.43	1.096	1	...
3948	0.499	0.416	0.915	1	...
3949	0.638	0.707	1.345	1	...
3950	0.539	0.359	0.899	1	...
3951	0.387	0.581	0.968	1	...
3952	0.636	0.594	1.23	1	...
3953	0.429	0.332	0.76	1	...
3954	0.608	0.429	1.037	1	...
3955	0.788	0.484	1.272	1	...
3956	0.429	0.332	0.76	1	...
3957	0.774	0.719	1.493	1	...
3958	0.304	0.276	0.581	1	...
3959	0.25	0.153	0.403	1	...
3960	0.223	0.223	0.445	1	...
3961	0.556	0.57	1.127	1	...
3962	0.334	0.348	0.682	1	...
3963	0.417	0.32	0.737	1	...
3964	0.376	0.306	0.682	1	...
3965	0.626	0.403	1.029	1	...
3966	0.64	0.334	0.974	1	...
3967	0.459	0.348	0.807	1	...
3968	0.348	0.334	0.682	1	...
3969	0.529	0.459	0.988	1	...
3970	0.278	0.313	0.59	2	KFC#4
3971	0.312	0.395	0.706	2	...
3972	0.477	0.429	0.906	2	...
3973	1.042	0.539	1.582	3	KF09#2
3974	0.511	0.352	0.862	4	KFCfos
3975	0.247	0.184	0.431	4	...
3976	0.664	0.434	1.099	4	...
3977	0.15	0.246	0.395	4	...
3978	0.699	0.465	1.164	4	...
3979	0.535	0.337	0.872	4	...
3980	1.096	0.481	1.577	4	...
3981	0.266	0.267	0.534	4	...
3982	0.394	0.338	0.732	4	...
3983	0.756	0.496	1.251	4	...
3984	0.885	0.459	1.345	4	...
3985	0.113	0.124	0.236	4	...
3986	0.142	0.211	0.354	3	...
3987	0.48	0.45	0.929	3	...
3988	0.457	0.394	0.85	3	...
3989	0.546	0.541	1.087	3	...
3990	0.471	0.375	0.846	3	...
3991	0.294	0.372	0.665	3	...
3992	0.124	0.127	0.25	3	...
3993	0.533	0.445	0.977	3	...
3994	0.38	0.346	0.725	3	...
3995	0.483	0.379	0.862	3	...
3996	0.7	0.508	1.209	3	...
3997	0.328	0.362	0.69	3	...
3998	0.412	0.354	0.765	3	...
3999	0.445	0.388	0.833	3	...
4000	0.362	0.302	0.664	3	...
4001	0.304	0.301	0.604	3	...
4002	2.354	0.697	3.052	3	...
4003	0.314	0.303	0.618	3	...
4004	0.338	0.289	0.628	3	...
4005	0.427	0.344	0.771	3	...
4006	0.359	0.413	0.771	3	...
4007	0.357	0.329	0.686	3	...
4008	0.572	0.423	0.995	3	...
4009	0.733	0.465	1.198	3	...
4010	0.609	0.385	0.994	3	...
4011	0.365	0.314	0.678	3	...
4012	0.492	0.287	0.78	3	...
4013	0.308	0.287	0.594	3	...
4014	0.191	0.097	0.288	3	...
4015	0.239	0.176	0.416	3	...
4016	0.677	0.205	0.882	3	...
4017	1.636	0.555	2.192	3	...
4018	0.654	0.372	1.027	3	KFC#3
4019	0.508	0.283	0.79	4	KFA#1
4020	0.552	0.5	1.053	4	...
4021	0.33	0.322	0.652	4	...
4022	0.378	0.313	0.69	4	...
4023	0.459	0.32	0.779	4	...
4024	0.978	0.811	1.789	3	...
4025	0.654	0.306	0.959	3	...
4026	0.487	0.468	0.955	3	...
4027	0.491	0.491	0.981	3	...
4028	0.194	0.26	0.454	3	...
4029	0.356	0.227	0.582	3	...
4030	0.75	0.463	1.212	3	...
4031	0.292	0.255	0.546	3	...
4032	0.806	0.588	1.393	3	...
4033	0.384	0.268	0.653	3	...
4034	0.176	0.18	0.356	3	...
4035	0.271	0.153	0.423	2	...
4036	0.097	0.153	0.25	2	...
4037	0.561	0.464	1.026	2	...
4038	0.479	0.443	0.922	2	...
4039	0.361	0.368	0.729	2	...
4040	0.507	0.618	1.125	2	...
4041	0.729	0.59	1.319	2	...
4042	0.507	0.417	0.924	2	...
4043	0.243	0.319	0.562	2	...
4044	0.785	0.437	1.222	2	...
4045	0.389	0.292	0.68	2	...
4046	0.812	0.666	1.479	2	...
4047	0.528	0.583	1.111	2	...
4048	0.368	0.313	0.68	2	...
4049	0.694	0.403	1.097	2	...
4050	0.424	0.41	0.833	2	...
4051	0.709	0.375	1.084	2	...
4052	0.273	0.31	0.583	3	KFA#2
4053	0.139	0.189	0.328	3	...
4054	0.421	0.393	0.814	3	...
4055	0.449	0.453	0.903	3	...
4056	0.704	0.588	1.291	3	...
4057	0.417	0.338	0.754	3	...
4058	0.467	0.37	0.838	3	...
4059	0.392	0.406	0.799	3	...
4060	0.319	0.415	0.734	3	...
4061	0.397	0.425	0.822	3	...
4062	0.513	0.517	1.031	3	...
4063	0.61	0.623	1.234	3	...
4064	0.351	0.412	0.763	3	...
4065	1.48	0.426	1.905	3	...
4066	0.402	0.357	0.759	4	KFC#2
4067	0.872	0.743	1.615	4	...
4068	0.344	0.431	0.775	4	...
4069	0.212	0.295	0.507	4	...
4070	0.125	0.181	0.305	4	...
4071	0.365	0.497	0.861	4	...
4072	0.153	0.181	0.333	4	...
4073	0.437	0.389	0.826	4	...
4074	0.125	0.153	0.278	4	...
4075	0.364	0.26	0.625	4	...
4076	0.593	0.403	0.995	4	...
4077	0.417	0.322	0.738	4	...
4078	1.096	0.562	1.658	4	...
4079	0.689	0.492	1.181	4	...
4080	0.229	0.263	0.492	4	...
4081	0.327	0.355	0.683	3	...
4082	0.484	0.314	0.797	3	...
4083	0.41	0.328	0.737	3	...
4084	0.7	0.493	1.194	3	...
4085	0.41	0.397	0.806	3	...
4086	1.057	0.532	1.589	2	...
4087	0.518	0.29	0.808	2	...
4088	0.443	0.383	0.825	3	KFA#3
4089	0.273	0.352	0.624	3	...
4090	0.245	0.241	0.485	3	...
4091	1.169	0.444	1.613	3	...
4092	0.573	0.467	1.039	3	...
4093	0.638	0.37	1.007	3	...
4094	0.347	0.254	0.601	3	...
4095	1.082	0.426	1.508	3	...
4096	1.14	0.552	1.692	4	KFB#1
4097	0.858	0.406	1.263	4	...
4098	0.212	0.135	0.347	4	...
4099	0.409	0.177	0.586	4	...
4100	0.083	0.114	0.198	4	...
4101	0.358	0.292	0.649	4	...
4102	0.684	0.566	1.248	4	...
4103	0.649	0.392	1.041	4	...
4104	0.684	0.413	1.097	4	...
4105	0.26	0.389	0.649	4	...
4106	0.469	0.392	0.861	4	...
4107	0.413	0.34	0.753	4	...
4108	0.461	0.413	0.875	4	...
4109	0.513	0.354	0.867	4	...
4110	0.312	0.427	0.738	4	...
4111	0.447	0.566	1.013	4	...
4112	0.469	0.35	0.819	4	...
4113	0.368	0.288	0.656	4	...
4114	0.212	0.16	0.371	4	...
4115	0.409	0.378	0.787	4	...
4116	0.339	0.261	0.6	5	KFC#1
4117	0.366	0.325	0.691	5	...
4118	0.483	0.399	0.882	5	...
4119	0.705	0.436	1.141	5	...
4120	0.505	0.383	0.888	5	...
4121	1.385	0.746	2.131	4	...
4122	0.548	0.503	1.051	4	...
4123	0.316	0.282	0.597	4	...
4124	0.901	0.582	1.485	4	...
4125	0.174	0.285	0.458	4	...
4126	0.459	0.385	0.844	4	...
4127	0.357	0.343	0.702	4	...
4128	0.683	0.444	1.128	4	...
4129	0.507	0.378	0.886	4	...
4130	0.361	0.282	0.643	3	...
4131	0.536	0.356	0.892	3	...
4132	0.639	0.425	1.064	3	...
4133	0.653	0.366	1.02	3	...
4134	0.76	0.422	1.182	3	...
4135	0.76	0.426	1.187	3	...
4136	1.867	0.57	2.437	3	...
4137	0.5	0.301	0.801	3	...
4138	0.426	0.301	0.727	3	...
4139	0.384	0.185	0.569	3	...
4140	0.292	0.236	0.528	3	...
4141	0.25	0.204	0.454	3	...
4142	0.352	0.366	0.718	3	...
4143	0.347	0.278	0.626	3	...
4144	0.347	0.339	0.686	3	...
4145	0.375	0.236	0.612	3	...
4146	0.083	0.158	0.241	3	...
4147	0.802	0.427	1.228	3	...
4148	1.345	0.857	2.201	2	...
4149	0.244	0.265	0.508	2	...
4150	0.432	0.313	0.745	2	...
4151	0.488	0.369	0.857	2	...
4152	0.321	0.362	0.683	2	...
4153	0.411	0.32	0.731	2	...
4154	0.327	0.251	0.578	2	...
4155	0.251	0.258	0.508	2	...
4156	0.341	0.258	0.599	2	...
4157	0.585	0.404	0.989	1	...
4158	1.519	0.557	2.076	1	...
4159	0.585	0.543	1.128	1	...
4160	0.515	0.446	0.961	1	...
4161	0.529	0.474	1.003	1	...
4162	0.1	0.18	0.28	1	...
4163	0.528	0.431	0.959	1	...
4164	0.223	0.195	0.417	1	...
4165	0.473	0.32	0.793	1	...
4166	0.306	0.278	0.584	1	...
4167	0.209	0.264	0.473	1	...
4168	1.154	0.598	1.752	1	...
4169	0.542	0.362	0.904	1	...
4170	0.139	0.167	0.306	1	...
4171	0.417	0.236	0.654	1	...
4172	0.459	0.292	0.751	1	...
4173	0.431	0.264	0.695	1	...
4174	0.264	0.223	0.487	1	...
4175	0.681	0.306	0.987	1	...
4176	0.681	0.362	1.043	1	...
4177	0.334	0.181	0.515	1	...
4178	0.431	0.264	0.695	1	...
4179	0.334	0.195	0.528	1	...
4180	0.487	0.348	0.834	1	...
4181	0.459	0.306	0.765	1	...
