NAVC calibration based on INTCAL09 data set (Reimer et al., 2009)
Best fit of INTCAL09 to C-14 ages from NAVC was determined by
trials of different offsets (Calibrated ages of NAVC-AM "0" Varve)
that minimized a goodness-of-fit statistic (mean square of
weighted deviations). The best offset is 20770 cal yr BP
 = AM 0 yr
All ages are in yr BP (1950 AD)

  Offset (Calibrated age of NAVC-AM "0" Varve =  20770

  AM year  Cal age (yr BP)  C-14 age (yr BP)  C-14 error (yr)

    8500        12270.          10394.           20.
    8490        12280.          10390.           22.
    8480        12290.          10383.           20.
    8470        12300.          10376.           19.
    8460        12310.          10380.           20.
    8450        12320.          10393.           18.
    8440        12330.          10397.           17.
    8430        12340.          10395.           18.
    8420        12350.          10388.           17.
    8410        12360.          10369.           16.
    8400        12370.          10375.           18.
    8390        12380.          10398.           18.
    8380        12390.          10423.           16.
    8370        12400.          10440.           19.
    8360        12410.          10455.           19.
    8350        12420.          10475.           19.
    8340        12430.          10501.           20.
    8330        12440.          10519.           19.
    8320        12450.          10523.           20.
    8310        12460.          10515.           23.
    8300        12470.          10501.           24.
    8290        12480.          10492.           24.
    8280        12490.          10486.           27.
    8270        12500.          10481.           23.
    8260        12510.          10476.           20.
    8250        12520.          10493.           18.
    8240        12530.          10521.           16.
    8230        12540.          10530.           16.
    8220        12550.          10553.           46.
    8210        12560.          10576.           59.
    8200        12570.          10600.           68.
    8190        12580.          10626.           74.
    8180        12590.          10652.           77.
    8170        12600.          10678.           78.
    8160        12610.          10702.           77.
    8150        12620.          10723.           75.
    8140        12630.          10741.           72.
    8130        12640.          10759.           72.
    8120        12650.          10780.           76.
    8110        12660.          10802.           80.
    8100        12670.          10822.           82.
    8090        12680.          10840.           83.
    8080        12690.          10856.           83.
    8070        12700.          10870.           82.
    8060        12710.          10883.           80.
    8050        12720.          10895.           78.
    8040        12730.          10906.           76.
    8030        12740.          10916.           75.
    8020        12750.          10927.           73.
    8010        12760.          10938.           73.
    8000        12770.          10947.           71.
    7990        12780.          10955.           70.
    7980        12790.          10961.           69.
    7970        12800.          10965.           68.
    7960        12810.          10968.           67.
    7950        12820.          10969.           66.
    7940        12830.          10970.           66.
    7930        12840.          10972.           66.
    7920        12850.          10975.           66.
    7910        12860.          10980.           67.
    7900        12870.          10987.           68.
    7890        12880.          10997.           69.
    7880        12890.          11009.           69.
    7870        12900.          11022.           69.
    7860        12910.          11034.           68.
    7850        12920.          11046.           65.
    7840        12930.          11058.           61.
    7830        12940.          11068.           57.
    7820        12950.          11077.           53.
    7810        12960.          11085.           50.
    7800        12970.          11093.           48.
    7790        12980.          11100.           48.
    7780        12990.          11104.           47.
    7770        13000.          11104.           47.
    7760        13010.          11100.           46.
    7750        13020.          11094.           45.
    7740        13030.          11090.           44.
    7730        13040.          11088.           44.
    7720        13050.          11090.           45.
    7710        13060.          11094.           45.
    7700        13070.          11103.           45.
    7690        13080.          11117.           47.
    7680        13090.          11140.           50.
    7670        13100.          11168.           53.
    7660        13110.          11196.           55.
    7650        13120.          11219.           54.
    7640        13130.          11238.           53.
    7630        13140.          11253.           52.
    7620        13150.          11265.           53.
    7610        13160.          11275.           53.
    7600        13170.          11285.           53.
    7590        13180.          11295.           52.
    7580        13190.          11303.           52.
    7570        13200.          11311.           52.
    7560        13210.          11318.           51.
    7550        13220.          11323.           51.
    7540        13230.          11330.           52.
    7530        13240.          11338.           54.
    7520        13250.          11350.           57.
    7510        13260.          11364.           61.
    7500        13270.          11381.           64.
    7490        13280.          11401.           66.
    7480        13290.          11421.           66.
    7470        13300.          11440.           64.
    7460        13310.          11457.           62.
    7450        13320.          11472.           60.
    7440        13330.          11484.           58.
    7430        13340.          11496.           56.
    7420        13350.          11506.           55.
    7410        13360.          11516.           55.
    7400        13370.          11526.           55.
    7390        13380.          11539.           56.
    7380        13390.          11553.           58.
    7370        13400.          11568.           59.
    7360        13410.          11583.           61.
    7350        13420.          11598.           64.
    7340        13430.          11614.           66.
    7330        13440.          11630.           67.
    7320        13450.          11646.           67.
    7310        13460.          11661.           68.
    7300        13470.          11676.           67.
    7290        13480.          11689.           66.
    7280        13490.          11700.           65.
    7270        13500.          11709.           63.
    7260        13510.          11715.           62.
    7250        13520.          11718.           60.
    7240        13530.          11717.           58.
    7230        13540.          11714.           55.
    7220        13550.          11711.           53.
    7210        13560.          11710.           52.
    7200        13570.          11713.           52.
    7190        13580.          11719.           54.
    7180        13590.          11727.           54.
    7170        13600.          11736.           56.
    7160        13610.          11746.           56.
    7150        13620.          11754.           56.
    7140        13630.          11762.           56.
    7130        13640.          11770.           56.
    7120        13650.          11777.           55.
    7110        13660.          11784.           54.
    7100        13670.          11792.           53.
    7090        13680.          11798.           51.
    7080        13690.          11805.           51.
    7070        13700.          11812.           51.
    7060        13710.          11820.           52.
    7050        13720.          11830.           53.
    7040        13730.          11843.           56.
    7030        13740.          11857.           59.
    7020        13750.          11872.           61.
    7010        13760.          11887.           62.
    7000        13770.          11903.           64.
    6990        13780.          11918.           65.
    6980        13790.          11933.           66.
    6970        13800.          11948.           67.
    6960        13810.          11963.           66.
    6950        13820.          11977.           66.
    6940        13830.          11991.           64.
    6930        13840.          12004.           62.
    6920        13850.          12017.           60.
    6910        13860.          12028.           58.
    6900        13870.          12037.           57.
    6890        13880.          12046.           56.
    6880        13890.          12055.           56.
    6870        13900.          12063.           56.
    6860        13910.          12071.           56.
    6850        13920.          12080.           57.
    6840        13930.          12088.           57.
    6830        13940.          12097.           57.
    6820        13950.          12106.           57.
    6810        13960.          12114.           56.
    6800        13970.          12123.           56.
    6790        13980.          12132.           56.
    6780        13990.          12141.           55.
    6770        14000.          12150.           55.
    6760        14010.          12161.           55.
    6750        14020.          12174.           55.
    6740        14030.          12188.           56.
    6730        14040.          12203.           55.
    6720        14050.          12216.           55.
    6710        14060.          12227.           55.
    6700        14070.          12234.           56.
    6690        14080.          12240.           59.
    6680        14090.          12246.           62.
    6670        14100.          12252.           65.
    6660        14110.          12260.           68.
    6650        14120.          12269.           70.
    6640        14130.          12280.           72.
    6630        14140.          12291.           74.
    6620        14150.          12303.           75.
    6610        14160.          12315.           75.
    6600        14170.          12328.           74.
    6590        14180.          12339.           72.
    6580        14190.          12350.           70.
    6570        14200.          12361.           67.
    6560        14210.          12371.           65.
    6550        14220.          12381.           63.
    6540        14230.          12392.           61.
    6530        14240.          12402.           59.
    6520        14250.          12411.           58.
    6510        14260.          12418.           58.
    6500        14270.          12423.           59.
    6490        14280.          12425.           60.
    6480        14290.          12425.           61.
    6470        14300.          12424.           61.
    6460        14310.          12420.           62.
    6450        14320.          12416.           62.
    6440        14330.          12412.           62.
    6430        14340.          12408.           62.
    6420        14350.          12404.           62.
    6410        14360.          12403.           61.
    6400        14370.          12402.           59.
    6390        14380.          12403.           56.
    6380        14390.          12404.           54.
    6370        14400.          12404.           53.
    6360        14410.          12404.           54.
    6350        14420.          12404.           56.
    6340        14430.          12403.           58.
    6330        14440.          12402.           60.
    6320        14450.          12402.           61.
    6310        14460.          12403.           61.
    6300        14470.          12406.           61.
    6290        14480.          12409.           62.
    6280        14490.          12412.           62.
    6270        14500.          12416.           62.
    6260        14510.          12420.           62.
    6250        14520.          12424.           61.
    6240        14530.          12429.           59.
    6230        14540.          12435.           58.
    6220        14550.          12442.           56.
    6210        14560.          12450.           55.
    6200        14570.          12457.           54.
    6190        14580.          12465.           55.
    6180        14590.          12473.           57.
    6170        14600.          12479.           58.
    6160        14610.          12484.           60.
    6150        14620.          12488.           62.
    6140        14630.          12491.           64.
    6130        14640.          12495.           65.
    6120        14650.          12498.           66.
    6110        14660.          12502.           66.
    6100        14670.          12505.           66.
    6090        14680.          12507.           67.
    6080        14690.          12508.           69.
    6070        14700.          12508.           72.
    6060        14710.          12506.           77.
    6050        14720.          12503.           81.
    6040        14730.          12501.           85.
    6030        14740.          12499.           88.
    6020        14750.          12498.           90.
    6010        14760.          12497.           92.
    6000        14770.          12496.           93.
    5990        14780.          12497.           94.
    5980        14790.          12498.           94.
    5970        14800.          12499.           93.
    5960        14810.          12501.           93.
    5950        14820.          12502.           91.
    5940        14830.          12503.           89.
    5930        14840.          12504.           86.
    5920        14850.          12507.           84.
    5910        14860.          12509.           82.
    5900        14870.          12514.           82.
    5890        14880.          12520.           84.
    5880        14890.          12528.           87.
    5870        14900.          12536.           90.
    5860        14910.          12544.           93.
    5850        14920.          12553.           97.
    5840        14930.          12560.           99.
    5830        14940.          12567.          102.
    5820        14950.          12574.          103.
    5810        14960.          12581.          105.
    5800        14970.          12588.          107.
    5790        14980.          12595.          108.
    5780        14990.          12602.          109.
    5770        15000.          12609.          110.
    5760        15010.          12620.          112.
    5750        15020.          12630.          114.
    5740        15030.          12639.          116.
    5730        15040.          12647.          118.
    5720        15050.          12658.          119.
    5710        15060.          12668.          121.
    5700        15070.          12680.          123.
    5690        15080.          12692.          126.
    5680        15090.          12706.          129.
    5670        15100.          12720.          132.
    5660        15110.          12735.          134.
    5650        15120.          12750.          136.
    5640        15130.          12766.          136.
    5630        15140.          12782.          137.
    5620        15150.          12799.          136.
    5610        15160.          12816.          136.
    5600        15170.          12833.          134.
    5590        15180.          12850.          132.
    5580        15190.          12867.          129.
    5570        15200.          12883.          126.
    5560        15210.          12898.          122.
    5550        15220.          12913.          118.
    5540        15230.          12926.          114.
    5530        15240.          12939.          109.
    5520        15250.          12950.          104.
    5510        15260.          12960.          100.
    5500        15270.          12966.           98.
    5490        15280.          12972.           97.
    5480        15290.          12974.           98.
    5470        15300.          12975.           99.
    5460        15310.          12973.          102.
    5450        15320.          12970.          105.
    5440        15330.          12967.          107.
    5430        15340.          12965.          110.
    5420        15350.          12963.          112.
    5410        15360.          12961.          114.
    5400        15370.          12960.          115.
    5390        15380.          12959.          116.
    5380        15390.          12959.          117.
    5370        15400.          12959.          118.
    5360        15410.          12959.          118.
    5350        15420.          12960.          118.
    5340        15430.          12962.          118.
    5330        15440.          12964.          118.
    5320        15450.          12967.          118.
    5310        15460.          12970.          117.
    5300        15470.          12974.          117.
    5290        15480.          12977.          117.
    5280        15490.          12982.          117.
    5270        15500.          12986.          116.
    5260        15510.          12992.          116.
    5250        15520.          12997.          116.
    5240        15530.          13002.          116.
    5230        15540.          13008.          115.
    5220        15550.          13014.          115.
    5210        15560.          13021.          114.
    5200        15570.          13028.          113.
    5190        15580.          13035.          112.
    5180        15590.          13041.          110.
    5170        15600.          13048.          109.
    5160        15610.          13055.          107.
    5150        15620.          13062.          106.
    5140        15630.          13068.          104.
    5130        15640.          13073.          102.
    5120        15650.          13077.          100.
    5110        15660.          13081.           98.
    5100        15670.          13084.           97.
    5090        15680.          13086.           96.
    5080        15690.          13087.           96.
    5070        15700.          13088.           95.
    5060        15710.          13087.           96.
    5050        15720.          13086.           96.
    5040        15730.          13084.           96.
    5030        15740.          13082.           96.
    5020        15750.          13081.           96.
    5010        15760.          13079.           95.
    5000        15770.          13077.           95.
    4990        15780.          13075.           95.
    4980        15790.          13074.           94.
    4970        15800.          13073.           94.
    4960        15810.          13073.           93.
    4950        15820.          13072.           93.
    4940        15830.          13074.           93.
    4930        15840.          13076.           93.
    4920        15850.          13079.           93.
    4910        15860.          13083.           94.
    4900        15870.          13089.           94.
    4890        15880.          13094.           95.
    4880        15890.          13100.           96.
    4870        15900.          13107.           96.
    4860        15910.          13115.           96.
    4850        15920.          13122.           96.
    4840        15930.          13128.           96.
    4830        15940.          13134.           95.
    4820        15950.          13138.           96.
    4810        15960.          13142.           96.
    4800        15970.          13142.           97.
    4790        15980.          13143.           98.
    4780        15990.          13142.           98.
    4770        16000.          13142.           99.
    4760        16010.          13141.           99.
    4750        16020.          13140.          100.
    4740        16030.          13140.          100.
    4730        16040.          13141.          100.
    4720        16050.          13142.           99.
    4710        16060.          13144.           99.
    4700        16070.          13146.           98.
    4690        16080.          13147.           98.
    4680        16090.          13150.           98.
    4670        16100.          13153.           97.
    4660        16110.          13155.           97.
    4650        16120.          13158.           96.
    4640        16130.          13161.           96.
    4630        16140.          13164.           95.
    4620        16150.          13166.           94.
    4610        16160.          13169.           93.
    4600        16170.          13172.           93.
    4590        16180.          13174.           92.
    4580        16190.          13176.           92.
    4570        16200.          13178.           92.
    4560        16210.          13180.           92.
    4550        16220.          13181.           91.
    4540        16230.          13182.           92.
    4530        16240.          13183.           92.
    4520        16250.          13184.           93.
    4510        16260.          13185.           93.
    4500        16270.          13187.           94.
    4490        16280.          13188.           95.
    4480        16290.          13190.           96.
    4470        16300.          13191.           97.
    4460        16310.          13194.           98.
    4450        16320.          13197.          100.
    4440        16330.          13200.          102.
    4430        16340.          13204.          103.
    4420        16350.          13209.          104.
    4410        16360.          13214.          105.
    4400        16370.          13219.          106.
    4390        16380.          13225.          108.
    4380        16390.          13232.          108.
    4370        16400.          13239.          109.
    4360        16410.          13246.          109.
    4350        16420.          13253.          110.
    4340        16430.          13260.          109.
    4330        16440.          13268.          109.
    4320        16450.          13275.          108.
    4310        16460.          13282.          107.
    4300        16470.          13290.          106.
    4290        16480.          13297.          105.
    4280        16490.          13303.          103.
    4270        16500.          13310.          102.
    4260        16510.          13317.          101.
    4250        16520.          13324.          100.
    4240        16530.          13331.           99.
    4230        16540.          13337.           98.
    4220        16550.          13344.           98.
    4210        16560.          13350.           97.
    4200        16570.          13357.           97.
    4190        16580.          13364.           97.
    4180        16590.          13371.           97.
    4170        16600.          13379.           97.
    4160        16610.          13387.           98.
    4150        16620.          13396.           99.
    4140        16630.          13405.           99.
    4130        16640.          13414.          100.
    4120        16650.          13424.          101.
    4110        16660.          13433.          101.
    4100        16670.          13443.          102.
    4090        16680.          13454.          102.
    4080        16690.          13465.          103.
    4070        16700.          13476.          104.
    4060        16710.          13488.          107.
    4050        16720.          13499.          110.
    4040        16730.          13511.          114.
    4030        16740.          13523.          118.
    4020        16750.          13538.          124.
    4010        16760.          13552.          130.
    4000        16770.          13569.          136.
    3990        16780.          13585.          143.
    3980        16790.          13604.          149.
    3970        16800.          13624.          155.
    3960        16810.          13646.          159.
    3950        16820.          13668.          163.
    3940        16830.          13691.          164.
    3930        16840.          13714.          165.
    3920        16850.          13736.          163.
    3910        16860.          13758.          161.
    3900        16870.          13779.          156.
    3890        16880.          13799.          152.
    3880        16890.          13818.          147.
    3870        16900.          13837.          142.
    3860        16910.          13854.          138.
    3850        16920.          13871.          134.
    3840        16930.          13886.          132.
    3830        16940.          13902.          130.
    3820        16950.          13916.          129.
    3810        16960.          13931.          128.
    3800        16970.          13945.          128.
    3790        16980.          13959.          128.
    3780        16990.          13973.          127.
    3770        17000.          13986.          127.
    3760        17010.          13998.          126.
    3750        17020.          14010.          125.
    3740        17030.          14021.          123.
    3730        17040.          14032.          121.
    3720        17050.          14041.          119.
    3710        17060.          14050.          117.
    3700        17070.          14059.          115.
    3690        17080.          14068.          112.
    3680        17090.          14076.          111.
    3670        17100.          14084.          110.
    3660        17110.          14093.          110.
    3650        17120.          14102.          110.
    3640        17130.          14112.          111.
    3630        17140.          14122.          113.
    3620        17150.          14134.          115.
    3610        17160.          14147.          116.
    3600        17170.          14162.          118.
    3590        17180.          14176.          119.
    3580        17190.          14191.          119.
    3570        17200.          14207.          120.
    3560        17210.          14223.          119.
    3550        17220.          14238.          118.
    3540        17230.          14251.          117.
    3530        17240.          14263.          115.
    3520        17250.          14270.          114.
    3510        17260.          14277.          113.
    3500        17270.          14278.          114.
    3490        17280.          14279.          115.
    3480        17290.          14277.          116.
    3470        17300.          14275.          117.
    3460        17310.          14273.          118.
    3450        17320.          14270.          119.
    3440        17330.          14268.          119.
    3430        17340.          14267.          120.
    3420        17350.          14267.          120.
    3410        17360.          14267.          120.
    3400        17370.          14268.          120.
    3390        17380.          14269.          120.
    3380        17390.          14272.          120.
    3370        17400.          14275.          120.
    3360        17410.          14280.          119.
    3350        17420.          14284.          119.
    3340        17430.          14290.          119.
    3330        17440.          14297.          119.
    3320        17450.          14304.          118.
    3310        17460.          14311.          117.
    3300        17470.          14319.          116.
    3290        17480.          14327.          114.
    3280        17490.          14335.          113.
    3270        17500.          14344.          111.
    3260        17510.          14353.          109.
    3250        17520.          14362.          107.
    3240        17530.          14371.          106.
    3230        17540.          14380.          104.
    3220        17550.          14389.          103.
    3210        17560.          14399.          102.
    3200        17570.          14408.          102.
    3190        17580.          14418.          101.
    3180        17590.          14429.          102.
    3170        17600.          14440.          103.
    3160        17610.          14451.          104.
    3150        17620.          14463.          105.
    3140        17630.          14476.          106.
    3130        17640.          14488.          108.
    3120        17650.          14500.          109.
    3110        17660.          14512.          111.
    3100        17670.          14523.          111.
    3090        17680.          14534.          112.
    3080        17690.          14543.          113.
    3070        17700.          14551.          114.
    3060        17710.          14557.          115.
    3050        17720.          14564.          116.
    3040        17730.          14568.          118.
    3030        17740.          14572.          119.
    3020        17750.          14575.          120.
    3010        17760.          14579.          121.
    3000        17770.          14583.          122.
    2990        17780.          14586.          122.
    2980        17790.          14591.          123.
    2970        17800.          14596.          124.
    2960        17810.          14602.          124.
    2950        17820.          14608.          124.
    2940        17830.          14616.          123.
    2930        17840.          14624.          123.
    2920        17850.          14633.          122.
    2910        17860.          14642.          121.
    2900        17870.          14653.          119.
    2890        17880.          14664.          116.
    2880        17890.          14677.          113.
    2870        17900.          14689.          109.
    2860        17910.          14702.          104.
    2850        17920.          14715.           99.
    2840        17930.          14728.           96.
    2830        17940.          14740.           92.
    2820        17950.          14752.           93.
    2810        17960.          14764.           94.
    2800        17970.          14778.           98.
    2790        17980.          14793.          101.
    2780        17990.          14810.          105.
    2770        18000.          14827.          109.
    2760        18010.          14848.          111.
    2750        18020.          14868.          114.
    2740        18030.          14889.          114.
    2730        18040.          14910.          114.
    2720        18050.          14929.          110.
    2710        18060.          14949.          107.
    2700        18070.          14966.          102.
    2690        18080.          14982.           96.
    2680        18090.          14995.           89.
    2670        18100.          15008.           83.
    2660        18110.          15017.           78.
    2650        18120.          15027.           74.
    2640        18130.          15033.           72.
    2630        18140.          15040.           70.
    2620        18150.          15045.           70.
    2610        18160.          15050.           69.
    2600        18170.          15055.           70.
    2590        18180.          15059.           71.
    2580        18190.          15062.           73.
    2570        18200.          15064.           75.
    2560        18210.          15064.           78.
    2550        18220.          15064.           81.
    2540        18230.          15060.           86.
    2530        18240.          15057.           90.
    2520        18250.          15050.           96.
    2510        18260.          15042.          101.
    2500        18270.          15031.          106.
