 6629.0     1.724     1.030     2.754
 6630.0     1.642     0.972     2.614
 6631.0     1.542     1.037     2.579
 6632.0     1.840     0.996     2.473
 6633.0     1.730     0.839     2.206
 6634.0     1.523     0.642     1.802
 6635.0     1.314     0.571     1.521
 6636.0     1.416     0.561     1.613
 6637.0     1.022     0.596     1.617
 6638.0     0.980     0.617     1.596
 6639.0     0.981     0.646     1.626
 6640.0     0.888     0.640     1.528
 6641.0     0.662     0.617     1.279
 6642.0     0.609     0.592     1.201
 6643.0     0.484     0.553     1.038
 6644.0     0.504     0.548     1.052
 6645.0     0.492     0.546     1.039
 6646.0     0.461     0.508     0.970
 6647.0     0.628     0.490     1.119
 6648.0     0.630     0.507     1.138
 6649.0     0.621     0.545     1.167
 6650.0     0.707     0.593     1.301
 6651.0     0.849     0.750     1.599
 6652.0     0.783     0.735     1.519
 6653.0     0.859     0.840     1.700
 6654.0     0.850     0.825     1.675
 6655.0     0.843     0.828     1.671
 6656.0     0.801     0.685     1.487
 6657.0     0.701     0.692     1.394
 6658.0     0.686     0.547     1.233
 6659.0     0.700     0.513     1.213
 6660.0     0.679     0.500     1.179
 6661.0     0.737     0.487     1.224
 6662.0     0.769     0.487     1.256
 6663.0     0.725     0.529     1.255
 6664.0     1.120     0.687     1.806
 6665.0     1.247     0.685     1.931
 6666.0     1.463     0.823     2.286
 6667.0     1.700     0.845     2.546
 6668.0     1.976     0.832     2.808
 6669.0     2.329     0.852     3.181
 6670.0     2.350     0.923     3.273
 6671.0     2.027     0.795     2.821
 6672.0     1.908     0.833     2.741
 6673.0     1.710     0.803     2.512
 6674.0     1.015     0.669     1.683
 6675.0     0.945     0.551     1.495
 6676.0     0.932     0.579     1.512
 6677.0     0.811     0.561     1.372
 6678.0     0.787     0.710     1.498
 6679.0     0.790     0.710     1.499
 6680.0     0.713     0.730     1.443
 6681.0     0.724     0.685     1.408
 6682.0     0.723     0.612     1.336
 6683.0     0.695     0.524     1.220
 6684.0     0.669     0.511     1.181
 6685.0     0.610     0.538     1.148
 6686.0     0.572     0.542     1.114
 6687.0     0.561     0.975     1.536
 6688.0     0.565     1.048     1.613
 6689.0     0.618     1.059     1.677
 6690.0     0.641     1.063     1.704
 6691.0     0.764     1.137     1.900
 6692.0     0.708     0.705     1.412
 6693.0     0.647     0.624     1.271
 6694.0     0.670     0.595     1.265
 6695.0     0.684     0.527     1.211
 6696.0     0.593     0.447     1.040
 6697.0     0.701     0.462     1.163
 6698.0     0.739     0.400     1.140
 6699.0     0.630     0.453     1.083
 6700.0     0.799     0.599     1.398
 6701.0     0.873     0.680     1.554
 6702.0     0.898     0.688     1.586
 6703.0     0.948     0.711     1.659
 6704.0     0.963     0.689     1.652
 6705.0     0.830     0.604     1.434
 6706.0     0.785     0.514     1.299
 6707.0     0.704     0.523     1.226
 6708.0     1.240     0.661     1.900
 6709.0     1.332     0.642     1.973
 6710.0     1.414     0.575     1.989
 6711.0     1.383     0.571     1.954
 6712.0     1.425     0.544     1.970
 6713.0     0.883     0.401     1.285
 6714.0     0.846     0.402     1.248
 6715.0     0.734     0.399     1.133
 6716.0     0.907     0.471     1.377
 6717.0     1.151     0.498     1.648
 6718.0     1.081     0.493     1.573
 6719.0     1.070     0.521     1.590
 6720.0     1.071     0.556     1.627
 6721.0     0.914     0.511     1.424
 6722.0     0.622     0.460     1.082
 6723.0     0.633     0.445     1.078
 6724.0     0.551     0.393     0.944
 6725.0     0.539     0.383     0.922
 6726.0     0.453     0.409     0.862
 6727.0     0.518     0.442     0.960
 6728.0     0.545     0.484     1.029
 6729.0     0.549     0.492     1.041
 6730.0     0.526     0.488     1.013
 6731.0     0.548     0.449     0.997
 6732.0     0.539     0.455     0.993
 6733.0     0.514     0.482     0.995
 6734.0     0.507     0.540     1.047
 6735.0     0.496     0.529     1.025
 6736.0     0.515     0.546     1.061
 6737.0     0.432     0.591     1.024
 6738.0     0.424     0.555     0.980
 6739.0     0.421     0.470     0.892
 6740.0     0.485     0.556     1.042
 6741.0     0.503     0.599     1.102
 6742.0     0.569     0.573     1.142
 6743.0     0.595     0.652     1.247
 6744.0     0.668     0.731     1.399
 6745.0     0.675     0.715     1.389
 6746.0     0.668     0.654     1.322
 6747.0     0.563     0.631     1.194
 6748.0     0.497     0.526     1.023
 6749.0     0.434     0.503     0.936
 6750.0     0.378     0.488     0.865
 6751.0     0.413     0.521     0.933
 6752.0     0.469     0.527     0.995
 6753.0     0.474     0.540     1.013
 6754.0     0.463     0.500     0.962
 6755.0     0.453     0.529     0.981
 6756.0     0.399     0.476     0.875
 6757.0     0.373     0.504     0.876
 6758.0     0.375     0.542     0.918
 6759.0     0.362     0.606     0.968
 6760.0     0.361     0.569     0.931
 6761.0     0.374     0.587     0.960
 6762.0     0.391     0.588     0.979
 6763.0     0.391     0.584     0.976
 6764.0     0.419     0.530     0.949
 6765.0     0.429     0.511     0.940
 6766.0     0.402     0.499     0.901
 6767.0     0.430     0.530     0.960
 6768.0     0.416     0.532     0.948
 6769.0     0.419     0.563     0.982
 6770.0     0.387     0.580     0.967
 6771.0     0.411     0.638     1.049
 6772.0     0.438     0.611     1.049
 6773.0     0.528     0.623     1.152
 6774.0     0.512     0.648     1.161
 6775.0     0.549     0.632     1.181
 6776.0     0.538     0.605     1.142
 6777.0     0.492     0.572     1.064
 6778.0     0.419     0.536     0.955
 6779.0     0.476     0.530     1.006
 6780.0     0.426     0.536     0.961
 6781.0     0.437     0.591     1.027
 6782.0     0.424     0.592     1.015
 6783.0     0.494     0.639     1.133
 6784.0     0.446     0.646     1.091
 6785.0     0.494     0.717     1.210
 6786.0     0.512     0.713     1.224
 6787.0     0.483     0.708     1.191
 6788.0     0.439     0.664     1.102
 6789.0     0.438     0.645     1.084
 6790.0     0.434     0.654     1.088
 6791.0     0.433     0.652     1.085
 6792.0     0.496     0.711     1.208
 6793.0     0.532     0.828     1.359
 6794.0     0.588     0.894     1.482
 6795.0     0.617     0.902     1.519
 6796.0     0.584     0.908     1.492
 6797.0     0.512     0.819     1.330
 6798.0     0.446     0.681     1.126
 6799.0     0.451     0.620     1.071
 6800.0     0.386     0.516     0.902
 6801.0     0.366     0.409     0.775
 6802.0     0.382     0.439     0.820
 6803.0     0.415     0.439     0.854
 6804.0     0.379     0.438     0.817
 6805.0     0.442     0.467     0.909
 6806.0     0.488     0.504     0.992
 6807.0     0.810     0.543     1.353
 6808.0     0.795     0.538     1.333
 6809.0     0.757     0.485     1.242
 6810.0     0.703     0.467     1.170
 6811.0     0.661     0.439     1.100
 6812.0     0.336     0.372     0.708
 6813.0     0.306     0.360     0.666
 6814.0     0.301     0.367     0.668
 6815.0     0.283     0.321     0.604
 6816.0     0.337     0.338     0.676
 6817.0     0.353     0.350     0.704
 6818.0     0.391     0.375     0.766
 6819.0     0.388     0.378     0.766
 6820.0     0.412     0.404     0.816
 6821.0     0.409     0.387     0.797
 6822.0     0.396     0.359     0.756
 6823.0     0.392     0.311     0.704
 6824.0     0.405     0.297     0.703
 6825.0     0.379     0.274     0.654
 6826.0     0.403     0.321     0.724
 6827.0     0.406     0.343     0.750
 6828.0     0.395     0.390     0.785
 6829.0     0.381     0.387     0.768
 6830.0     0.394     0.413     0.807
 6831.0     0.341     0.383     0.724
 6832.0     0.377     0.393     0.770
 6833.0     0.385     0.406     0.791
 6834.0     0.417     0.431     0.847
 6835.0     0.445     0.443     0.888
 6836.0     0.427     0.436     0.862
 6837.0     0.373     0.418     0.791
 6838.0     0.338     0.381     0.719
 6839.0     0.313     0.363     0.677
 6840.0     0.297     0.319     0.616
 6841.0     0.305     0.328     0.633
 6842.0     0.329     0.408     0.737
 6843.0     0.372     0.444     0.816
 6844.0     0.385     0.457     0.842
 6845.0     0.372     0.445     0.817
 6846.0     0.374     0.444     0.818
 6847.0     0.358     0.368     0.726
 6848.0     0.329     0.334     0.662
 6849.0     0.279     0.295     0.574
 6850.0     0.281     0.340     0.621
 6851.0     0.256     0.294     0.550
 6852.0     0.377     0.344     0.721
 6853.0     0.404     0.345     0.749
 6854.0     0.424     0.376     0.801
 6855.0     0.492     0.388     0.880
 6856.0     0.500     0.395     0.895
 6857.0     0.410     0.442     0.852
 6858.0     0.380     0.429     0.809
 6859.0     0.377     0.413     0.790
 6860.0     0.308     0.408     0.716
 6861.0     0.356     0.454     0.810
 6862.0     0.331     0.328     0.660
 6863.0     0.329     0.308     0.637
 6864.0     0.340     0.298     0.639
 6865.0     0.341     0.286     0.628
 6866.0     0.333     0.251     0.586
 6867.0     0.343     0.300     0.644
 6868.0     0.385     0.360     0.746
 6869.0     0.420     0.404     0.825
 6870.0     0.405     0.406     0.811
 6871.0     0.371     0.418     0.789
 6872.0     0.377     0.392     0.769
 6873.0     0.332     0.350     0.683
 6874.0     0.274     0.297     0.572
 6875.0     0.256     0.247     0.504
 6876.0     0.244     0.223     0.467
 6877.0     0.300     0.235     0.535
 6878.0     0.301     0.218     0.519
 6879.0     0.310     0.217     0.527
 6880.0     1.687     0.473     2.159
 6881.0     2.084     0.626     2.709
 6882.0     2.059     0.651     2.710
 6883.0     3.257     0.774     4.031
 6884.0     3.311     0.876     4.187
 6885.0     2.017     0.729     2.746
 6886.0     1.712     0.658     2.371
 6887.0     1.701     0.639     2.339
 6888.0     0.843     0.610     1.453
 6889.0     0.885     0.613     1.497
 6890.0     0.854     0.576     1.430
 6891.0     0.742     0.536     1.278
 6892.0     0.733     0.563     1.296
 6893.0     3.141     0.683     3.823
 6894.0     3.324     0.695     4.019
 6895.0     3.418     0.742     4.159
 6896.0     3.652     0.791     4.443
 6897.0     3.724     0.788     4.512
 6898.0     1.163     0.715     1.878
 6899.0     1.113     0.807     1.920
 6900.0     1.165     0.871     2.036
 6901.0     1.101     0.894     1.994
 6902.0     1.165     0.921     2.085
 6903.0     1.105     0.848     1.953
 6904.0     1.002     0.694     1.696
 6905.0     0.962     0.591     1.553
 6906.0     0.875     0.549     1.424
 6907.0     0.788     0.549     1.337
 6908.0     0.834     0.569     1.402
 6909.0     0.942     0.617     1.558
 6910.0     0.969     0.657     1.626
 6911.0     1.082     0.710     1.792
 6912.0     1.125     0.707     1.831
 6913.0     1.049     0.721     1.770
 6914.0     0.971     0.679     1.650
 6915.0     0.894     0.643     1.537
 6916.0     0.880     0.593     1.473
 6917.0     0.774     0.571     1.346
 6918.0     0.706     0.511     1.216
 6919.0     0.675     0.551     1.227
 6920.0     0.739     0.593     1.333
 6921.0     0.734     0.659     1.393
 6922.0     0.876     0.694     1.570
 6923.0     0.910     0.752     1.662
 6924.0     1.088     0.817     1.905
 6925.0     1.174     0.845     2.018
 6926.0     1.259     0.857     2.117
 6927.0     1.241     0.873     2.113
 6928.0     1.322     0.864     2.186
 6929.0     1.202     0.797     2.000
 6930.0     1.155     0.767     1.921
 6931.0     1.030     0.703     1.732
 6932.0     1.134     0.688     1.823
 6933.0     1.208     0.702     1.910
 6934.0     1.318     0.711     2.029
 6935.0     1.375     0.720     2.096
 6936.0     1.500     0.742     2.244
 6937.0     1.501     0.743     2.244
 6938.0     1.501     0.782     2.284
 6939.0     1.361     0.773     2.134
 6940.0     1.260     0.739     1.999
 6941.0     1.141     0.707     1.848
 6942.0     1.013     0.690     1.703
 6943.0     0.966     0.625     1.592
 6944.0     0.896     0.617     1.514
 6945.0     0.850     0.592     1.443
 6946.0     0.774     0.569     1.344
 6947.0     0.684     0.495     1.179
 6948.0     0.628     0.427     1.055
 6949.0     0.705     0.408     1.113
 6950.0     0.742     0.396     1.138
 6951.0     0.798     0.418     1.216
 6952.0     0.953     0.486     1.439
 6953.0     0.987     0.547     1.534
 6954.0     1.233     0.617     1.850
 6955.0     1.251     0.659     1.910
 6956.0     1.185     0.615     1.800
 6957.0     1.022     0.543     1.565
 6958.0     0.872     0.490     1.361
 6959.0     0.509     0.354     0.863
 6960.0     0.414     0.262     0.676
 6961.0     0.397     0.245     0.642
 6962.0     0.404     0.254     0.658
 6963.0     0.419     0.249     0.669
 6964.0     0.418     0.276     0.694
 6965.0     0.375     0.283     0.658
 6966.0     0.411     0.294     0.705
 6967.0     0.388     0.276     0.664
 6968.0     0.372     0.268     0.640
 6969.0     0.404     0.293     0.698
 6970.0     0.428     0.296     0.725
 6971.0     0.361     0.278     0.639
 6972.0     0.515     0.347     0.862
 6973.0     0.553     0.387     0.940
 6974.0     0.526     0.376     0.902
 6975.0     0.625     0.408     1.033
 6976.0     0.701     0.415     1.116
 6977.0     0.630     0.355     0.985
 6978.0     0.640     0.317     0.957
 6979.0     0.662     0.297     0.959
 6980.0     0.573     0.292     0.865
 6981.0     0.564     0.326     0.890
 6982.0     0.516     0.342     0.858
 6983.0     0.481     0.348     0.829
 6984.0     0.700     0.417     1.118
 6985.0     0.947     0.454     1.401
 6986.0     0.913     0.399     1.312
 6987.0     0.938     0.412     1.350
 6988.0     0.913     0.391     1.304
 6989.0     0.634     0.306     0.940
 6990.0     0.340     0.238     0.579
 6991.0     0.326     0.256     0.583
 6992.0     0.245     0.224     0.469
 6993.0     0.238     0.224     0.461
 6994.0     0.279     0.264     0.543
 6995.0     0.375     0.310     0.685
 6996.0     0.374     0.299     0.673
 6997.0     0.427     0.327     0.754
 6998.0     0.458     0.332     0.790
 6999.0     0.418     0.299     0.716
 7000.0     0.390     0.284     0.674
 7001.0     0.411     0.307     0.718
 7002.0     0.373     0.272     0.645
 7003.0     0.353     0.269     0.622
 7004.0     0.352     0.272     0.623
 7005.0     0.280     0.246     0.525
 7006.0     0.235     0.217     0.452
 7007.0     0.270     0.235     0.504
 7008.0     0.318     0.265     0.583
 7009.0     0.331     0.277     0.608
 7010.0     0.373     0.350     0.722
 7011.0     0.382     0.370     0.751
 7012.0     0.346     0.403     0.749
 7013.0     0.337     0.396     0.733
 7014.0     0.362     0.402     0.764
 7015.0     0.362     0.349     0.711
 7016.0     0.430     0.385     0.816
 7017.0     0.425     0.351     0.777
 7018.0     0.383     0.341     0.725
 7019.0     0.343     0.326     0.669
 7020.0     0.307     0.311     0.619
 7021.0     0.227     0.254     0.481
 7022.0     0.267     0.277     0.544
 7023.0     0.343     0.315     0.658
 7024.0     0.357     0.309     0.666
 7025.0     0.331     0.281     0.612
 7026.0     0.361     0.280     0.641
 7027.0     0.302     0.242     0.544
 7028.0     0.212     0.179     0.392
 7029.0     0.183     0.164     0.347
 7030.0     0.201     0.189     0.391
 7031.0     0.191     0.221     0.412
 7032.0     0.206     0.226     0.433
 7033.0     0.283     0.278     0.561
 7034.0     0.287     0.279     0.566
 7035.0     0.292     0.265     0.557
 7036.0     0.275     0.254     0.529
 7037.0     0.272     0.259     0.532
 7038.0     0.208     0.221     0.429
 7039.0     0.211     0.239     0.450
 7040.0     0.201     0.267     0.468
 7041.0     0.204     0.250     0.455
 7042.0     0.188     0.243     0.432
 7043.0     0.174     0.250     0.425
 7044.0     0.171     0.250     0.422
 7045.0     0.158     0.223     0.381
 7046.0     0.148     0.226     0.374
 7047.0     0.154     0.222     0.376
 7048.0     0.153     0.211     0.364
 7049.0     0.143     0.194     0.337
 7050.0     0.136     0.178     0.314
 7051.0     0.137     0.164     0.301
 7052.0     0.145     0.159     0.304
 7053.0     0.155     0.153     0.307
 7054.0     0.147     0.153     0.299
 7055.0     0.165     0.171     0.336
 7056.0     0.161     0.179     0.340
 7057.0     0.146     0.209     0.354
 7058.0     0.176     0.256     0.432
 7059.0     0.201     0.288     0.489
 7060.0     0.189     0.289     0.479
 7061.0     0.186     0.286     0.473
 7062.0     0.179     0.263     0.443
 7063.0     0.141     0.230     0.371
 7064.0     0.147     0.213     0.359
 7065.0     0.137     0.208     0.345
 7066.0     0.181     0.236     0.417
 7067.0     0.184     0.229     0.414
 7068.0     0.186     0.225     0.411
 7069.0     0.165     0.213     0.379
 7070.0     0.170     0.203     0.373
 7071.0     0.137     0.204     0.341
 7072.0     0.145     0.201     0.346
 7073.0     0.155     0.219     0.373
 7074.0     0.144     0.212     0.356
 7075.0     0.141     0.215     0.356
 7076.0     0.129     0.184     0.313
 7077.0     0.111     0.176     0.287
 7078.0     0.105     0.146     0.251
 7079.0     0.114     0.141     0.256
 7080.0     0.109     0.122     0.231
 7081.0     0.120     0.123     0.242
 7082.0     0.136     0.152     0.287
 7083.0     0.123     0.160     0.283
 7084.0     0.120     0.172     0.292
 7085.0     0.132     0.204     0.335
 7086.0     0.123     0.205     0.328
 7087.0     0.120     0.186     0.306
 7088.0     0.120     0.184     0.305
 7089.0     0.111     0.170     0.281
 7090.0     0.103     0.149     0.252
 7091.0     0.101     0.158     0.259
 7092.0     0.097     0.156     0.253
 7093.0     0.094     0.149     0.244
 7094.0     0.093     0.146     0.240
 7095.0     0.100     0.151     0.251
 7096.0     0.102     0.138     0.240
 7097.0     0.095     0.135     0.230
 7098.0     0.099     0.135     0.233
 7099.0     0.099     0.136     0.236
 7100.0     0.103     0.132     0.236
 7101.0     0.095     0.129     0.224
 7102.0     0.110     0.143     0.254
 7103.0     0.111     0.149     0.260
 7104.0     0.117     0.153     0.270
 7105.0     0.106     0.154     0.259
 7106.0     0.124     0.164     0.287
 7107.0     0.118     0.138     0.255
 7108.0     0.144     0.150     0.294
 7109.0     0.144     0.154     0.298
 7110.0     0.153     0.165     0.317
 7111.0     0.142     0.168     0.309
 7112.0     0.160     0.214     0.372
 7113.0     0.131     0.209     0.340
 7114.0     0.140     0.233     0.373
 7115.0     0.130     0.223     0.352
 7116.0     0.127     0.209     0.336
 7117.0     0.110     0.180     0.291
 7118.0     0.135     0.215     0.350
 7119.0     0.141     0.208     0.349
 7120.0     0.139     0.209     0.348
 7121.0     0.140     0.218     0.357
 7122.0     0.133     0.228     0.361
 7123.0     0.113     0.185     0.298
 7124.0     0.091     0.149     0.241
 7125.0     0.144     0.167     0.312
 7126.0     0.145     0.173     0.319
 7127.0     0.136     0.163     0.299
 7128.0     0.134     0.177     0.311
 7129.0     0.148     0.203     0.351
 7130.0     0.104     0.186     0.290
 7131.0     0.110     0.176     0.286
 7132.0     0.116     0.166     0.281
 7133.0     0.104     0.140     0.244
 7134.0     0.106     0.135     0.241
 7135.0     0.101     0.136     0.237
 7136.0     0.102     0.143     0.245
 7137.0     0.102     0.147     0.249
 7138.0     0.116     0.162     0.278
 7139.0     0.114     0.161     0.275
 7140.0     0.114     0.153     0.267
 7141.0     0.113     0.156     0.268
 7142.0     0.115     0.162     0.276
 7143.0     0.111     0.161     0.271
 7144.0     0.106     0.148     0.253
 7145.0     0.133     0.174     0.306
 7146.0     0.122     0.158     0.280
 7147.0     0.124     0.160     0.284
 7148.0     0.130     0.158     0.288
 7149.0     0.129     0.169     0.297
 7150.0     0.102     0.142     0.244
 7151.0     0.103     0.136     0.239
 7152.0     0.113     0.147     0.259
 7153.0     0.115     0.146     0.261
 7154.0     0.111     0.142     0.254
 7155.0     0.119     0.163     0.283
 7156.0     0.132     0.186     0.318
 7157.0     0.153     0.197     0.351
 7158.0     0.148     0.212     0.361
 7159.0     0.151     0.205     0.356
 7160.0     0.174     0.214     0.389
 7161.0     0.182     0.215     0.397
 7162.0     0.143     0.194     0.337
 7163.0     0.145     0.191     0.335
 7164.0     0.161     0.205     0.366
 7165.0     0.144     0.182     0.326
 7166.0     0.141     0.177     0.317
 7167.0     0.161     0.190     0.351
 7168.0     0.168     0.184     0.352
 7169.0     0.152     0.173     0.325
 7170.0     0.149     0.183     0.331
 7171.0     0.150     0.198     0.348
 7172.0     0.141     0.198     0.339
 7173.0     0.138     0.206     0.344
 7174.0     0.144     0.204     0.348
 7175.0     0.137     0.189     0.326
 7176.0     0.121     0.174     0.295
 7177.0     0.132     0.157     0.289
 7178.0     0.120     0.147     0.266
 7179.0     0.117     0.152     0.269
 7180.0     0.146     0.188     0.333
 7181.0     0.184     0.218     0.402
 7182.0     0.188     0.251     0.439
 7183.0     0.203     0.275     0.479
 7184.0     0.235     0.313     0.547
 7185.0     0.228     0.312     0.540
 7186.0     0.222     0.290     0.512
 7187.0     0.228     0.284     0.512
 7188.0     0.235     0.282     0.516
 7189.0     0.216     0.241     0.458
 7190.0     0.204     0.221     0.425
 7191.0     0.188     0.210     0.398
 7192.0     0.156     0.166     0.323
 7193.0     0.142     0.135     0.277
 7194.0     0.122     0.128     0.250
 7195.0     0.126     0.123     0.249
 7196.0     0.146     0.144     0.290
 7197.0     0.144     0.158     0.302
 7198.0     0.145     0.162     0.308
 7199.0     0.147     0.169     0.317
 7200.0     0.122     0.156     0.279
 7201.0     0.094     0.140     0.234
 7202.0     0.116     0.163     0.279
 7203.0     0.120     0.180     0.300
 7204.0     0.137     0.206     0.343
 7205.0     0.144     0.222     0.366
 7206.0     0.142     0.223     0.365
 7207.0     0.134     0.204     0.337
 7208.0     0.132     0.190     0.322
 7209.0     0.127     0.180     0.307
 7210.0     0.144     0.192     0.336
 7211.0     0.151     0.186     0.337
 7212.0     0.145     0.180     0.325
 7213.0     0.161     0.182     0.343
 7214.0     0.148     0.158     0.306
 7215.0     0.136     0.132     0.268
 7216.0     0.151     0.139     0.290
 7217.0     0.157     0.164     0.320
 7218.0     0.159     0.163     0.322
 7219.0     0.165     0.177     0.342
 7220.0     0.214     0.193     0.407
 7221.0     0.193     0.177     0.370
 7222.0     0.194     0.144     0.338
 7223.0     0.165     0.133     0.298
 7224.0     0.169     0.119     0.287
 7225.0     0.111     0.109     0.220
 7226.0     0.104     0.109     0.213
 7227.0     0.087     0.117     0.203
 7228.0     0.078     0.120     0.198
 7229.0     0.099     0.146     0.245
 7230.0     0.097     0.142     0.239
 7231.0     0.098     0.147     0.245
 7232.0     0.109     0.155     0.264
 7233.0     0.129     0.161     0.289
 7234.0     0.104     0.150     0.253
 7235.0     0.106     0.156     0.261
 7236.0     0.098     0.151     0.249
 7237.0     0.108     0.165     0.274
 7238.0     0.111     0.162     0.272
 7239.0     0.103     0.151     0.253
 7240.0     0.099     0.143     0.242
 7241.0     0.103     0.137     0.239
 7242.0     0.084     0.117     0.200
 7243.0     0.075     0.116     0.190
 7244.0     0.093     0.117     0.209
 7245.0     0.094     0.111     0.204
 7246.0     0.088     0.117     0.204
 7247.0     0.101     0.132     0.233
 7248.0     0.110     0.144     0.253
 7249.0     0.120     0.155     0.275
 7250.0     0.117     0.157     0.274
 7251.0     0.124     0.163     0.288
 7252.0     0.112     0.144     0.256
 7253.0     0.107     0.147     0.255
 7254.0     0.077     0.132     0.210
 7255.0     0.076     0.133     0.210
 7256.0     0.070     0.127     0.197
 7257.0     0.068     0.130     0.198
 7258.0     0.093     0.119     0.212
 7259.0     0.092     0.117     0.209
 7260.0     0.094     0.113     0.208
 7261.0     0.096     0.110     0.207
 7262.0     0.111     0.111     0.223
 7263.0     0.075     0.099     0.174
 7264.0     0.078     0.100     0.178
 7265.0     0.077     0.103     0.180
 7266.0     0.080     0.110     0.190
 7267.0     0.069     0.101     0.170
 7268.0     0.066     0.107     0.172
 7269.0     0.088     0.109     0.197
 7270.0     0.090     0.109     0.199
 7271.0     0.088     0.115     0.202
 7272.0     0.127     0.117     0.244
 7273.0     0.133     0.133     0.266
 7274.0     0.112     0.141     0.253
 7275.0     0.108     0.131     0.239
 7276.0     0.109     0.124     0.233
 7277.0     0.066     0.131     0.198
 7278.0     0.058     0.102     0.160
 7279.0     0.050     0.088     0.138
 7280.0     0.075     0.109     0.184
 7281.0     0.069     0.093     0.162
 7282.0     0.072     0.078     0.150
 7283.0     0.076     0.076     0.152
 7284.0     0.083     0.078     0.161
 7285.0     0.126     0.100     0.226
 7286.0     0.135     0.114     0.249
 7287.0     0.131     0.123     0.254
 7288.0     0.136     0.138     0.274
 7289.0     0.138     0.151     0.289
 7290.0     0.075     0.127     0.202
 7291.0     0.066     0.124     0.191
 7292.0     0.070     0.125     0.195
 7293.0     0.072     0.127     0.198
 7294.0     0.069     0.115     0.183
 7295.0     0.076     0.105     0.181
 7296.0     0.085     0.106     0.191
 7297.0     0.086     0.111     0.196
 7298.0     0.080     0.101     0.181
 7299.0     0.078     0.107     0.185
 7300.0     0.074     0.140     0.213
 7301.0     0.089     0.158     0.247
 7302.0     0.095     0.154     0.250
 7303.0     0.095     0.153     0.248
 7304.0     0.097     0.146     0.244
 7305.0     0.091     0.108     0.199
 7306.0     0.073     0.092     0.165
 7307.0     0.070     0.103     0.172
 7308.0     0.075     0.121     0.196
 7309.0     0.080     0.134     0.213
 7310.0     0.081     0.140     0.220
 7311.0     0.081     0.135     0.216
 7312.0     0.073     0.123     0.197
 7313.0     0.069     0.108     0.177
 7314.0     0.064     0.094     0.158
 7315.0     0.062     0.102     0.164
 7316.0     0.125     0.128     0.253
 7317.0     0.130     0.121     0.252
 7318.0     0.125     0.120     0.245
 7319.0     0.124     0.133     0.256
 7320.0     0.124     0.132     0.256
 7321.0     0.061     0.106     0.167
 7322.0     0.064     0.115     0.179
 7323.0     0.070     0.124     0.194
 7324.0     0.080     0.115     0.195
 7325.0     0.083     0.116     0.199
 7326.0     0.093     0.124     0.217
 7327.0     0.087     0.117     0.205
 7328.0     0.087     0.117     0.204
 7329.0     0.076     0.124     0.200
 7330.0     0.079     0.121     0.200
 7331.0     0.068     0.135     0.202
 7332.0     0.069     0.140     0.209
 7333.0     0.066     0.133     0.199
 7334.0     0.068     0.127     0.196
 7335.0     0.065     0.116     0.181
 7336.0     0.062     0.085     0.148
 7337.0     0.062     0.077     0.139
 7338.0     0.065     0.079     0.145
 7339.0     0.073     0.080     0.154
 7340.0     0.072     0.096     0.169
 7341.0     0.074     0.115     0.189
 7342.0     0.075     0.128     0.203
 7343.0     0.072     0.120     0.192
 7344.0     0.062     0.120     0.182
 7345.0     0.058     0.116     0.174
 7346.0     0.055     0.108     0.163
 7347.0     0.055     0.107     0.162
 7348.0     0.059     0.122     0.181
 7349.0     0.058     0.122     0.180
 7350.0     0.064     0.113     0.177
 7351.0     0.086     0.139     0.225
 7352.0     0.088     0.138     0.227
 7353.0     0.092     0.130     0.222
 7354.0     0.095     0.140     0.236
 7355.0     0.091     0.136     0.228
 7356.0     0.071     0.110     0.181
 7357.0     0.070     0.107     0.178
 7358.0     0.067     0.112     0.180
 7359.0     0.064     0.107     0.172
 7360.0     0.067     0.121     0.188
 7361.0     0.063     0.114     0.178
 7362.0     0.057     0.110     0.167
 7363.0     0.056     0.104     0.160
 7364.0     0.055     0.087     0.142
 7365.0     0.049     0.070     0.118
 7366.0     0.054     0.073     0.126
 7367.0     0.055     0.078     0.133
 7368.0     0.052     0.077     0.129
 7369.0     0.049     0.082     0.131
 7370.0     0.052     0.085     0.137
 7371.0     0.050     0.089     0.139
 7372.0     0.064     0.094     0.158
 7373.0     0.072     0.110     0.182
 7374.0     0.074     0.116     0.190
 7375.0     0.078     0.129     0.207
 7376.0     0.082     0.137     0.219
 7377.0     0.068     0.145     0.213
 7378.0     0.064     0.149     0.214
 7379.0     0.067     0.152     0.220
 7380.0     0.067     0.147     0.215
 7381.0     0.065     0.131     0.195
 7382.0     0.064     0.111     0.173
 7383.0     0.070     0.106     0.174
 7384.0     0.133     0.134     0.265
 7385.0     0.166     0.143     0.306
 7386.0     0.165     0.161     0.325
 7387.0     0.171     0.171     0.342
 7388.0     0.169     0.170     0.339
 7389.0     0.107     0.137     0.245
 7390.0     0.069     0.120     0.188
 7391.0     0.068     0.105     0.173
 7392.0     0.074     0.100     0.174
 7393.0     0.068     0.086     0.154
 7394.0     0.067     0.091     0.157
 7395.0     0.072     0.093     0.164
 7396.0     0.068     0.086     0.154
 7397.0     0.057     0.080     0.137
 7398.0     0.054     0.080     0.134
 7399.0     0.049     0.070     0.119
 7400.0     0.046     0.076     0.122
 7401.0     0.047     0.086     0.133
 7402.0     0.052     0.096     0.149
 7403.0     0.056     0.095     0.151
 7404.0     0.064     0.137     0.157
 7405.0     0.069     0.147     0.170
 7406.0     0.082     0.152     0.188
 7407.0     0.077     0.137     0.168
 7408.0     0.076     0.153     0.184
 7409.0     0.069     0.120     0.189
 7410.0     0.069     0.118     0.187
 7411.0     0.070     0.107     0.177
 7412.0     0.069     0.105     0.175
 7413.0     0.064     0.090     0.154
 7414.0     0.064     0.086     0.151
 7415.0     0.064     0.081     0.146
 7416.0     0.052     0.092     0.145
 7417.0     0.091     0.129     0.220
 7418.0     0.095     0.134     0.229
 7419.0     0.099     0.122     0.222
 7420.0     0.097     0.112     0.209
 7421.0     0.098     0.110     0.208
 7422.0     0.062     0.085     0.147
 7423.0     0.063     0.076     0.140
 7424.0     0.062     0.102     0.164
 7425.0     0.074     0.124     0.198
 7426.0     0.082     0.126     0.208
 7427.0     0.080     0.123     0.203
 7428.0     0.080     0.133     0.213
 7429.0     0.083     0.124     0.207
 7430.0     0.078     0.123     0.201
 7431.0     0.073     0.126     0.199
 7432.0     0.080     0.126     0.207
 7433.0     0.082     0.120     0.202
 7434.0     0.075     0.117     0.192
 7435.0     0.084     0.118     0.201
 7436.0     0.096     0.111     0.207
 7437.0     0.088     0.112     0.200
 7438.0     0.091     0.125     0.216
 7439.0     0.094     0.125     0.219
 7440.0     0.078     0.109     0.186
 7441.0     0.059     0.109     0.168
 7442.0     0.063     0.112     0.175
 7443.0     0.060     0.102     0.162
 7444.0     0.065     0.105     0.169
 7445.0     0.065     0.110     0.175
 7446.0     0.066     0.102     0.168
 7447.0     0.066     0.102     0.168
 7448.0     0.067     0.110     0.176
 7449.0     0.062     0.110     0.171
 7450.0     0.067     0.114     0.181
 7451.0     0.068     0.118     0.186
 7452.0     0.079     0.126     0.205
 7453.0     0.077     0.114     0.191
 7454.0     0.078     0.110     0.188
 7455.0     0.075     0.106     0.181
 7456.0     0.078     0.110     0.188
 7457.0     0.065     0.098     0.163
 7458.0     0.064     0.096     0.160
 7459.0     0.062     0.100     0.162
 7460.0     0.061     0.098     0.159
 7461.0     0.060     0.095     0.155
 7462.0     0.062     0.094     0.156
 7463.0     0.062     0.107     0.169
 7464.0     0.064     0.106     0.169
 7465.0     0.063     0.104     0.167
 7466.0     0.064     0.104     0.167
 7467.0     0.077     0.116     0.193
 7468.0     0.079     0.123     0.202
 7469.0     0.080     0.128     0.208
 7470.0     0.094     0.149     0.244
 7471.0     0.095     0.143     0.239
 7472.0     0.082     0.140     0.222
 7473.0     0.083     0.141     0.224
 7474.0     0.112     0.156     0.268
 7475.0     0.096     0.133     0.229
 7476.0     0.095     0.138     0.233
 7477.0     0.092     0.125     0.217
 7478.0     0.085     0.106     0.191
 7479.0     0.054     0.079     0.133
 7480.0     0.056     0.088     0.145
 7481.0     0.067     0.092     0.159
 7482.0     0.073     0.112     0.184
 7483.0     0.079     0.118     0.197
 7484.0     0.078     0.122     0.199
 7485.0     0.073     0.120     0.193
 7486.0     0.068     0.124     0.191
 7487.0     0.064     0.109     0.172
 7488.0     0.062     0.110     0.173
 7489.0     0.065     0.110     0.175
 7490.0     0.068     0.101     0.169
 7491.0     0.062     0.094     0.157
 7492.0     0.068     0.101     0.168
 7493.0     0.067     0.102     0.169
 7494.0     0.063     0.102     0.165
 7495.0     0.058     0.100     0.159
 7496.0     0.062     0.108     0.170
 7497.0     0.055     0.099     0.155
 7498.0     0.051     0.085     0.136
 7499.0     0.053     0.086     0.139
 7500.0     0.059     0.084     0.142
 7501.0     0.053     0.083     0.136
 7502.0     0.058     0.092     0.149
 7503.0     0.061     0.101     0.162
 7504.0     0.060     0.099     0.159
 7505.0     0.057     0.108     0.165
 7506.0     0.060     0.099     0.159
 7507.0     0.057     0.092     0.149
 7508.0     0.058     0.086     0.145
 7509.0     0.065     0.091     0.156
 7510.0     0.074     0.099     0.173
 7511.0     0.076     0.104     0.179
 7512.0     0.075     0.111     0.185
 7513.0     0.071     0.114     0.185
 7514.0     0.064     0.105     0.169
 7515.0     0.056     0.098     0.154
 7516.0     0.051     0.105     0.156
 7517.0     0.051     0.097     0.149
 7518.0     0.052     0.100     0.153
 7519.0     0.064     0.103     0.167
 7520.0     0.060     0.095     0.154
 7521.0     0.060     0.093     0.153
 7522.0     0.069     0.094     0.162
 7523.0     0.070     0.100     0.170
 7524.0     0.064     0.102     0.165
 7525.0     0.065     0.101     0.167
 7526.0     0.069     0.101     0.170
 7527.0     0.058     0.118     0.176
 7528.0     0.059     0.114     0.173
 7529.0     0.058     0.122     0.180
 7530.0     0.057     0.131     0.188
 7531.0     0.058     0.139     0.197
 7532.0     0.068     0.141     0.210
 7533.0     0.068     0.151     0.219
 7534.0     0.068     0.162     0.229
 7535.0     0.080     0.175     0.255
 7536.0     0.078     0.168     0.246
 7537.0     0.072     0.152     0.224
 7538.0     0.074     0.160     0.234
 7539.0     0.080     0.168     0.247
 7540.0     0.082     0.165     0.246
 7541.0     0.082     0.156     0.237
 7542.0     0.079     0.163     0.242
 7543.0     0.086     0.155     0.241
 7544.0     0.084     0.141     0.225
 7545.0     0.079     0.129     0.208
 7546.0     0.080     0.125     0.205
 7547.0     0.082     0.125     0.207
 7548.0     0.096     0.131     0.227
 7549.0     0.097     0.124     0.222
 7550.0     0.093     0.138     0.231
 7551.0     0.093     0.159     0.253
 7552.0     0.095     0.160     0.254
 7553.0     0.073     0.149     0.221
 7554.0     0.064     0.150     0.214
 7555.0     0.062     0.136     0.198
 7556.0     0.057     0.118     0.175
 7557.0     0.060     0.128     0.188
 7558.0     0.062     0.143     0.205
 7559.0     0.065     0.150     0.216
 7560.0     0.073     0.167     0.239
 7561.0     0.081     0.178     0.259
 7562.0     0.081     0.165     0.246
 7563.0     0.086     0.146     0.232
 7564.0     0.092     0.141     0.233
 7565.0     0.089     0.131     0.220
 7566.0     0.091     0.120     0.211
 7567.0     0.089     0.119     0.207
 7568.0     0.087     0.126     0.213
 7569.0     0.084     0.125     0.209
 7570.0     0.083     0.126     0.209
 7571.0     0.087     0.126     0.214
 7572.0     0.087     0.125     0.212
 7573.0     0.081     0.125     0.206
 7574.0     0.078     0.121     0.199
 7575.0     0.076     0.127     0.203
 7576.0     0.080     0.141     0.221
 7577.0     0.078     0.144     0.222
 7578.0     0.074     0.145     0.219
 7579.0     0.072     0.152     0.225
 7580.0     0.071     0.147     0.218
 7581.0     0.062     0.138     0.200
 7582.0     0.067     0.148     0.214
 7583.0     0.074     0.141     0.215
 7584.0     0.081     0.142     0.222
 7585.0     0.081     0.139     0.220
 7586.0     0.078     0.132     0.210
 7587.0     0.101     0.130     0.231
 7588.0     0.098     0.127     0.225
 7589.0     0.098     0.120     0.218
 7590.0     0.105     0.122     0.227
 7591.0     0.108     0.132     0.240
 7592.0     0.083     0.136     0.219
 7593.0     0.096     0.146     0.242
 7594.0     0.096     0.151     0.246
 7595.0     0.091     0.155     0.246
 7596.0     0.089     0.161     0.250
 7597.0     0.105     0.152     0.256
 7598.0     0.090     0.145     0.235
 7599.0     0.091     0.143     0.234
 7600.0     0.090     0.153     0.243
 7601.0     0.096     0.160     0.256
 7602.0     0.093     0.172     0.265
 7603.0     0.212     0.209     0.421
 7604.0     0.204     0.216     0.419
 7605.0     0.218     0.220     0.437
 7606.0     0.229     0.199     0.428
 7607.0     0.215     0.178     0.393
 7608.0     0.097     0.145     0.242
 7609.0     0.095     0.153     0.248
 7610.0     0.113     0.156     0.269
 7611.0     0.113     0.177     0.290
 7612.0     0.165     0.220     0.385
 7613.0     0.172     0.227     0.399
 7614.0     0.178     0.224     0.402
 7615.0     0.153     0.210     0.363
 7616.0     0.165     0.199     0.363
 7617.0     0.145     0.168     0.313
 7618.0     0.135     0.167     0.302
 7619.0     0.161     0.184     0.345
 7620.0     0.178     0.175     0.354
 7621.0     0.155     0.170     0.325
 7622.0     0.130     0.169     0.299
 7623.0     0.160     0.172     0.331
 7624.0     0.146     0.158     0.304
 7625.0     0.132     0.159     0.291
 7626.0     0.137     0.160     0.296
 7627.0     0.134     0.155     0.288
 7628.0     0.117     0.146     0.263
 7629.0     0.110     0.123     0.233
 7630.0     0.104     0.124     0.227
 7631.0     0.100     0.131     0.231
 7632.0     0.097     0.131     0.228
 7633.0     0.098     0.131     0.230
 7634.0     0.089     0.143     0.232
 7635.0     0.101     0.145     0.247
 7636.0     0.105     0.154     0.260
 7637.0     0.141     0.175     0.316
 7638.0     0.130     0.174     0.305
 7639.0     0.171     0.189     0.359
 7640.0     0.211     0.199     0.410
 7641.0     0.223     0.201     0.424
 7642.0     0.198     0.191     0.389
 7643.0     0.216     0.205     0.421
 7644.0     0.203     0.210     0.413
 7645.0     0.175     0.202     0.376
 7646.0     0.158     0.186     0.343
 7647.0     0.146     0.187     0.333
 7648.0     0.184     0.177     0.361
 7649.0     0.179     0.155     0.333
 7650.0     0.162     0.148     0.309
 7651.0     0.168     0.154     0.322
 7652.0     0.187     0.154     0.341
 7653.0     0.139     0.148     0.287
 7654.0     0.117     0.142     0.259
 7655.0     0.117     0.156     0.274
 7656.0     0.114     0.159     0.274
 7657.0     0.096     0.150     0.247
 7658.0     0.090     0.156     0.247
 7659.0     0.156     0.171     0.327
 7660.0     0.175     0.170     0.346
 7661.0     0.187     0.149     0.336
 7662.0     0.193     0.149     0.343
 7663.0     0.210     0.146     0.357
 7664.0     0.182     0.156     0.339
 7665.0     0.197     0.168     0.366
 7666.0     0.218     0.196     0.414
 7667.0     0.287     0.225     0.511
 7668.0     0.333     0.237     0.570
 7669.0     0.311     0.218     0.530
 7670.0     0.293     0.210     0.504
 7671.0     0.306     0.225     0.532
 7672.0     0.240     0.199     0.440
 7673.0     0.179     0.191     0.371
 7674.0     0.180     0.194     0.374
 7675.0     0.172     0.187     0.358
 7676.0     0.119     0.166     0.286
 7677.0     0.116     0.173     0.288
 7678.0     0.131     0.169     0.300
 7679.0     0.158     0.186     0.343
 7680.0     0.150     0.178     0.327
 7681.0     0.169     0.171     0.339
 7682.0     0.166     0.153     0.318
 7683.0     0.201     0.170     0.371
 7684.0     0.160     0.153     0.313
 7685.0     0.164     0.157     0.321
 7686.0     0.158     0.150     0.308
 7687.0     0.155     0.150     0.305
 7688.0     0.187     0.156     0.343
 7689.0     0.242     0.193     0.435
 7690.0     0.263     0.204     0.468
 7691.0     0.273     0.228     0.501
 7692.0     0.293     0.264     0.558
 7693.0     0.211     0.232     0.443
 7694.0     0.178     0.201     0.378
 7695.0     0.156     0.207     0.363
 7696.0     0.142     0.206     0.347
 7697.0     0.132     0.199     0.332
 7698.0     0.180     0.207     0.387
 7699.0     0.163     0.205     0.368
 7700.0     0.151     0.181     0.333
 7701.0     0.142     0.170     0.312
 7702.0     0.156     0.169     0.325
 7703.0     0.121     0.185     0.306
 7704.0     0.118     0.189     0.307
 7705.0     0.139     0.200     0.339
 7706.0     0.151     0.197     0.348
 7707.0     0.132     0.186     0.318
 7708.0     0.129     0.170     0.299
 7709.0     0.127     0.154     0.281
 7710.0     0.136     0.141     0.278
 7711.0     0.173     0.131     0.305
 7712.0     0.167     0.126     0.294
 7713.0     0.191     0.133     0.324
 7714.0     0.212     0.164     0.376
 7715.0     0.196     0.169     0.365
 7716.0     0.175     0.176     0.351
 7717.0     0.235     0.183     0.417
 7718.0     0.200     0.176     0.376
 7719.0     0.179     0.152     0.331
 7720.0     0.196     0.160     0.356
 7721.0     0.175     0.169     0.344
 7722.0     0.167     0.179     0.346
 7723.0     0.191     0.183     0.375
 7724.0     0.201     0.172     0.373
 7725.0     0.177     0.161     0.338
 7726.0     0.166     0.149     0.315
 7727.0     0.134     0.136     0.271
 7728.0     0.120     0.131     0.252
 7729.0     0.125     0.163     0.288
 7730.0     0.130     0.160     0.290
 7731.0     0.130     0.160     0.290
 7732.0     0.135     0.170     0.305
 7733.0     0.141     0.162     0.303
 7734.0     0.136     0.148     0.284
 7735.0     0.125     0.152     0.278
 7736.0     0.144     0.168     0.313
 7737.0     0.162     0.178     0.340
 7738.0     0.156     0.197     0.352
 7739.0     0.151     0.197     0.348
 7740.0     0.172     0.209     0.381
 7741.0     0.214     0.220     0.434
 7742.0     0.182     0.202     0.384
 7743.0     0.226     0.196     0.422
 7744.0     0.259     0.224     0.483
 7745.0     0.249     0.210     0.459
 7746.0     0.192     0.194     0.386
 7747.0     0.203     0.190     0.393
 7748.0     0.148     0.181     0.328
 7749.0     0.125     0.151     0.276
 7750.0     0.128     0.150     0.278
 7751.0     0.133     0.146     0.278
 7752.0     0.116     0.140     0.256
 7753.0     0.113     0.128     0.241
 7754.0     0.101     0.111     0.212
 7755.0     0.092     0.112     0.204
 7756.0     0.136     0.125     0.261
 7757.0     0.171     0.146     0.317
 7758.0     0.186     0.154     0.340
 7759.0     0.208     0.172     0.380
 7760.0     0.212     0.158     0.371
 7761.0     0.177     0.136     0.313
 7762.0     0.155     0.123     0.278
 7763.0     0.157     0.136     0.293
 7764.0     0.169     0.140     0.309
 7765.0     0.181     0.153     0.334
 7766.0     0.176     0.170     0.345
 7767.0     0.171     0.166     0.337
 7768.0     0.182     0.172     0.354
 7769.0     0.170     0.177     0.347
 7770.0     0.180     0.177     0.357
 7771.0     0.175     0.161     0.335
 7772.0     0.161     0.158     0.319
 7773.0     0.160     0.149     0.309
 7774.0     0.152     0.147     0.298
 7775.0     0.138     0.157     0.294
 7776.0     0.154     0.170     0.324
 7777.0     0.167     0.184     0.351
 7778.0     0.155     0.184     0.338
 7779.0     0.151     0.186     0.336
 7780.0     0.139     0.181     0.320
 7781.0     0.142     0.177     0.318
 7782.0     0.147     0.178     0.325
 7783.0     0.166     0.181     0.347
 7784.0     0.170     0.172     0.343
 7785.0     0.228     0.184     0.412
 7786.0     0.219     0.190     0.409
 7787.0     0.200     0.180     0.380
 7788.0     0.214     0.187     0.400
 7789.0     0.264     0.203     0.467
 7790.0     0.230     0.196     0.426
 7791.0     0.249     0.197     0.447
 7792.0     0.302     0.204     0.506
 7793.0     0.263     0.191     0.454
 7794.0     0.211     0.173     0.384
 7795.0     0.223     0.179     0.402
 7796.0     0.214     0.180     0.394
 7797.0     0.193     0.180     0.373
 7798.0     0.249     0.188     0.438
 7799.0     0.254     0.198     0.452
 7800.0     0.209     0.193     0.402
 7801.0     0.206     0.211     0.417
 7802.0     0.185     0.209     0.394
 7803.0     0.129     0.217     0.346
 7804.0     0.127     0.206     0.333
 7805.0     0.180     0.185     0.365
 7806.0     0.188     0.154     0.342
 7807.0     0.188     0.159     0.347
 7808.0     0.188     0.177     0.365
 7809.0     0.172     0.188     0.360
 7810.0     0.133     0.225     0.358
 7811.0     0.114     0.270     0.384
 7812.0     0.100     0.252     0.352
 7813.0     0.133     0.231     0.365
 7814.0     0.198     0.230     0.427
 7815.0     0.188     0.191     0.379
 7816.0     0.177     0.153     0.329
 7817.0     0.181     0.149     0.331
 7818.0     0.165     0.165     0.331
 7819.0     0.116     0.170     0.286
 7820.0     0.175     0.201     0.376
 7821.0     0.195     0.207     0.402
 7822.0     0.232     0.228     0.460
 7823.0     0.233     0.211     0.444
 7824.0     0.291     0.223     0.514
 7825.0     0.241     0.206     0.448
 7826.0     0.230     0.195     0.424
 7827.0     0.205     0.196     0.401
 7828.0     0.203     0.189     0.392
 7829.0     0.137     0.168     0.305
 7830.0     0.156     0.179     0.335
 7831.0     0.184     0.208     0.392
 7832.0     0.179     0.202     0.381
 7833.0     0.163     0.214     0.378
 7834.0     0.165     0.235     0.400
 7835.0     0.165     0.231     0.396
 7836.0     0.153     0.222     0.375
 7837.0     0.181     0.222     0.403
 7838.0     0.195     0.216     0.412
 7839.0     0.195     0.197     0.393
 7840.0     0.175     0.181     0.356
 7841.0     0.165     0.170     0.335
 7842.0     0.147     0.168     0.316
 7843.0     0.147     0.160     0.308
 7844.0     0.173     0.171     0.345
 7845.0     0.193     0.182     0.376
 7846.0     0.195     0.174     0.369
 7847.0     0.178     0.167     0.346
 7848.0     0.170     0.156     0.326
 7849.0     0.140     0.132     0.271
 7850.0     0.134     0.141     0.275
 7851.0     0.123     0.156     0.279
 7852.0     0.137     0.160     0.297
 7853.0     0.141     0.178     0.319
 7854.0     0.157     0.186     0.342
 7855.0     0.131     0.177     0.308
 7856.0     0.138     0.194     0.332
 7857.0     0.127     0.198     0.325
 7858.0     0.137     0.203     0.340
 7859.0     0.128     0.219     0.347
 7860.0     0.128     0.225     0.353
 7861.0     0.133     0.222     0.355
 7862.0     0.155     0.223     0.378
 7863.0     0.129     0.200     0.329
 7864.0     0.120     0.179     0.299
 7865.0     0.129     0.175     0.304
 7866.0     0.121     0.157     0.277
 7867.0     0.107     0.148     0.256
 7868.0     0.114     0.141     0.255
 7869.0     0.112     0.153     0.266
 7870.0     0.124     0.151     0.274
 7871.0     0.112     0.139     0.251
 7872.0     0.104     0.149     0.253
 7873.0     0.105     0.158     0.263
 7874.0     0.102     0.156     0.258
 7875.0     0.082     0.174     0.257
 7876.0     0.118     0.179     0.297
 7877.0     0.111     0.168     0.279
 7878.0     0.106     0.158     0.264
 7879.0     0.107     0.146     0.252
 7880.0     0.110     0.114     0.223
 7881.0     0.082     0.101     0.182
 7882.0     0.080     0.110     0.190
 7883.0     0.148     0.150     0.298
 7884.0     0.206     0.164     0.370
 7885.0     0.208     0.169     0.377
 7886.0     0.232     0.191     0.423
 7887.0     0.242     0.183     0.425
 7888.0     0.178     0.154     0.331
 7889.0     0.122     0.148     0.270
 7890.0     0.142     0.152     0.295
 7891.0     0.122     0.147     0.269
 7892.0     0.114     0.150     0.265
 7893.0     0.111     0.153     0.264
 7894.0     0.108     0.143     0.251
 7895.0     0.081     0.130     0.211
 7896.0     0.079     0.119     0.197
 7897.0     0.083     0.121     0.204
 7898.0     0.086     0.115     0.201
 7899.0     0.092     0.111     0.203
 7900.0     0.098     0.128     0.226
 7901.0     0.128     0.131     0.258
 7902.0     0.139     0.141     0.280
 7903.0     0.143     0.148     0.291
 7904.0     0.140     0.157     0.297
 7905.0     0.147     0.158     0.305
 7906.0     0.121     0.171     0.292
 7907.0     0.114     0.166     0.280
 7908.0     0.124     0.166     0.290
 7909.0     0.158     0.184     0.342
 7910.0     0.146     0.181     0.327
 7911.0     0.132     0.162     0.294
 7912.0     0.119     0.142     0.261
 7913.0     0.120     0.145     0.265
 7914.0     0.117     0.141     0.258
 7915.0     0.127     0.155     0.282
 7916.0     0.166     0.166     0.333
 7917.0     0.181     0.170     0.351
 7918.0     0.173     0.166     0.340
 7919.0     0.148     0.154     0.302
 7920.0     0.163     0.145     0.308
 7921.0     0.137     0.149     0.285
 7922.0     0.142     0.151     0.292
 7923.0     0.269     0.149     0.418
 7924.0     0.282     0.157     0.439
 7925.0     0.276     0.155     0.430
 7926.0     0.266     0.154     0.420
 7927.0     0.252     0.149     0.401
 7928.0     0.138     0.150     0.287
 7929.0     0.203     0.146     0.348
 7930.0     0.194     0.157     0.351
 7931.0     0.216     0.153     0.369
 7932.0     0.278     0.170     0.448
 7933.0     0.263     0.180     0.443
 7934.0     0.183     0.169     0.353
 7935.0     0.187     0.151     0.338
 7936.0     0.208     0.149     0.356
 7937.0     0.162     0.137     0.299
 7938.0     0.169     0.133     0.302
 7939.0     0.191     0.149     0.340
 7940.0     0.194     0.153     0.348
 7941.0     0.161     0.156     0.317
 7942.0     0.182     0.170     0.351
 7943.0     0.229     0.203     0.432
 7944.0     0.205     0.191     0.396
 7945.0     0.234     0.195     0.429
 7946.0     0.261     0.188     0.448
 7947.0     0.235     0.183     0.418
 7948.0     0.191     0.156     0.347
 7949.0     0.207     0.150     0.357
 7950.0     0.164     0.137     0.300
 7951.0     0.168     0.145     0.313
 7952.0     0.160     0.144     0.304
 7953.0     0.162     0.136     0.298
 7954.0     0.156     0.148     0.304
 7955.0     0.158     0.153     0.311
 7956.0     0.146     0.162     0.309
 7957.0     0.158     0.157     0.315
 7958.0     0.165     0.159     0.324
 7959.0     0.156     0.140     0.296
 7960.0     0.149     0.134     0.282
 7961.0     0.125     0.130     0.256
 7962.0     0.145     0.141     0.286
 7963.0     0.189     0.153     0.342
 7964.0     0.203     0.160     0.364
 7965.0     0.225     0.177     0.402
 7966.0     0.242     0.188     0.431
 7967.0     0.235     0.184     0.419
 7968.0     0.197     0.181     0.378
 7969.0     0.210     0.196     0.406
 7970.0     0.203     0.201     0.404
 7971.0     0.198     0.192     0.390
 7972.0     0.214     0.204     0.418
 7973.0     0.205     0.200     0.405
 7974.0     0.181     0.198     0.380
 7975.0     0.188     0.189     0.377
 7976.0     0.209     0.184     0.392
 7977.0     0.175     0.170     0.345
 7978.0     0.180     0.164     0.344
 7979.0     0.206     0.169     0.375
 7980.0     0.231     0.183     0.414
 7981.0     0.227     0.179     0.405
 7982.0     0.225     0.193     0.418
 7983.0     0.230     0.199     0.429
 7984.0     0.236     0.197     0.432
 7985.0     0.195     0.188     0.382
 7986.0     0.219     0.196     0.415
 7987.0     0.286     0.190     0.475
 7988.0     0.273     0.191     0.464
 7989.0     0.252     0.189     0.442
 7990.0     0.310     0.185     0.496
 7991.0     0.296     0.187     0.484
 7992.0     0.274     0.177     0.451
 7993.0     0.300     0.180     0.480
 7994.0     0.312     0.177     0.489
 7995.0     0.263     0.191     0.454
 7996.0     0.267     0.186     0.453
 7997.0     0.232     0.187     0.419
 7998.0     0.261     0.190     0.450
 7999.0     0.325     0.217     0.541
 8000.0     0.361     0.207     0.567
 8001.0     0.364     0.218     0.583
 8002.0     0.386     0.227     0.613
 8003.0     0.486     0.238     0.724
 8004.0     0.443     0.238     0.680
 8005.0     0.434     0.278     0.711
 8006.0     0.472     0.277     0.749
 8007.0     0.455     0.278     0.734
 8008.0     0.362     0.294     0.656
 8009.0     0.372     0.309     0.681
 8010.0     0.470     0.288     0.759
 8011.0     0.421     0.303     0.724
 8012.0     0.461     0.322     0.784
 8013.0     0.405     0.296     0.701
 8014.0     0.386     0.247     0.633
 8015.0     0.248     0.216     0.464
 8016.0     0.234     0.182     0.416
 8017.0     0.197     0.170     0.367
 8018.0     0.299     0.164     0.464
 8019.0     0.319     0.203     0.523
 8020.0     0.359     0.248     0.608
 8021.0     0.457     0.270     0.728
 8022.0     0.469     0.267     0.736
 8023.0     0.391     0.277     0.669
 8024.0     0.444     0.266     0.709
 8025.0     0.470     0.251     0.721
 8026.0     0.382     0.238     0.620
 8027.0     0.378     0.247     0.625
 8028.0     0.414     0.243     0.657
 8029.0     0.396     0.235     0.631
 8030.0     0.453     0.229     0.681
 8031.0     0.505     0.247     0.752
 8032.0     0.516     0.225     0.741
 8033.0     0.468     0.223     0.691
 8034.0     0.437     0.258     0.695
 8035.0     0.335     0.249     0.584
 8036.0     0.265     0.239     0.504
 8037.0     0.297     0.275     0.572
 8038.0     0.308     0.287     0.595
 8039.0     0.352     0.274     0.626
 8040.0     0.380     0.275     0.655
 8041.0     0.417     0.277     0.694
 8042.0     0.373     0.244     0.617
 8043.0     0.355     0.224     0.580
 8044.0     0.279     0.202     0.481
 8045.0     0.267     0.200     0.467
 8046.0     0.223     0.193     0.416
 8047.0     0.212     0.191     0.403
 8048.0     0.186     0.177     0.363
 8049.0     0.220     0.188     0.408
 8050.0     0.342     0.204     0.545
 8051.0     0.418     0.209     0.627
 8052.0     0.535     0.219     0.755
 8053.0     0.596     0.262     0.858
 8054.0     0.753     0.266     1.019
 8055.0     0.717     0.262     0.979
 8056.0     0.708     0.293     1.001
 8057.0     0.674     0.307     0.981
 8058.0     0.624     0.282     0.907
 8059.0     0.480     0.276     0.756
 8060.0     0.385     0.277     0.663
 8061.0     0.391     0.244     0.635
 8062.0     0.332     0.252     0.585
 8063.0     0.429     0.262     0.692
 8064.0     0.359     0.256     0.615
 8065.0     0.360     0.260     0.620
 8066.0     0.346     0.282     0.629
 8067.0     0.372     0.261     0.633
 8068.0     0.336     0.256     0.592
 8069.0     0.424     0.255     0.679
 8070.0     0.497     0.237     0.734
 8071.0     0.533     0.220     0.753
 8072.0     0.513     0.242     0.755
 8073.0     0.497     0.236     0.733
 8074.0     0.430     0.263     0.693
 8075.0     0.451     0.305     0.756
 8076.0     0.395     0.320     0.715
 8077.0     0.392     0.313     0.705
 8078.0     0.443     0.325     0.767
 8079.0     0.465     0.307     0.772
 8080.0     0.452     0.279     0.730
 8081.0     0.442     0.263     0.705
 8082.0     0.467     0.247     0.714
 8083.0     0.370     0.256     0.626
 8084.0     0.381     0.239     0.619
 8085.0     0.407     0.251     0.658
 8086.0     0.446     0.255     0.701
 8087.0     0.430     0.262     0.693
 8088.0     0.473     0.278     0.751
 8089.0     0.432     0.294     0.726
 8090.0     0.336     0.283     0.619
 8091.0     0.330     0.285     0.614
 8092.0     0.325     0.265     0.590
 8093.0     0.347     0.246     0.593
 8094.0     0.365     0.256     0.621
 8095.0     0.483     0.290     0.773
 8096.0     0.599     0.292     0.892
 8097.0     0.730     0.333     1.063
 8098.0     0.789     0.318     1.107
 8099.0     0.773     0.307     1.080
 8100.0     0.711     0.291     1.002
 8101.0     0.571     0.288     0.859
 8102.0     0.460     0.262     0.723
 8103.0     0.458     0.261     0.719
 8104.0     0.440     0.259     0.700
 8105.0     0.414     0.232     0.646
 8106.0     0.425     0.234     0.659
 8107.0     0.402     0.237     0.640
 8108.0     0.296     0.241     0.537
 8109.0     0.327     0.276     0.603
 8110.0     0.295     0.281     0.576
 8111.0     0.278     0.269     0.546
 8112.0     0.252     0.290     0.543
 8113.0     0.329     0.320     0.648
 8114.0     0.343     0.293     0.637
 8115.0     0.389     0.323     0.712
 8116.0     0.522     0.327     0.848
 8117.0     0.557     0.296     0.853
 8118.0     0.499     0.296     0.796
 8119.0     0.487     0.281     0.768
 8120.0     0.463     0.269     0.732
 8121.0     0.442     0.281     0.723
 8122.0     0.659     0.272     0.932
 8123.0     0.759     0.248     1.007
 8124.0     0.986     0.248     1.234
 8125.0     0.983     0.239     1.222
 8126.0     0.916     0.227     1.143
 8127.0     0.708     0.242     0.949
 8128.0     0.650     0.269     0.919
 8129.0     0.519     0.305     0.824
 8130.0     0.694     0.305     0.999
 8131.0     0.722     0.296     1.017
 8132.0     0.685     0.320     1.005
 8133.0     0.723     0.334     1.057
 8134.0     0.857     0.306     1.162
 8135.0     0.811     0.322     1.133
 8136.0     0.738     0.330     1.067
 8137.0     0.909     0.314     1.222
 8138.0     0.901     0.265     1.166
 8139.0     0.934     0.272     1.206
 8140.0     0.861     0.248     1.109
 8141.0     0.945     0.243     1.189
 8142.0     0.864     0.233     1.097
 8143.0     0.839     0.243     1.082
 8144.0     0.635     0.237     0.872
 8145.0     0.590     0.243     0.833
 8146.0     0.547     0.240     0.787
 8147.0     0.463     0.248     0.710
 8148.0     0.430     0.254     0.683
 8149.0     0.396     0.245     0.640
 8150.0     0.385     0.295     0.679
 8151.0     0.509     0.308     0.817
 8152.0     0.533     0.301     0.834
 8153.0     0.637     0.293     0.930
 8154.0     0.579     0.290     0.870
 8155.0     0.562     0.222     0.785
 8156.0     0.431     0.231     0.662
 8157.0     0.409     0.237     0.646
 8158.0     0.401     0.244     0.645
 8159.0     0.438     0.265     0.703
 8160.0     0.446     0.301     0.746
 8161.0     0.442     0.282     0.724
 8162.0     0.489     0.282     0.771
 8163.0     0.457     0.274     0.730
 8164.0     0.465     0.262     0.727
 8165.0     0.499     0.253     0.752
 8166.0     0.523     0.258     0.780
 8167.0     0.533     0.233     0.766
 8168.0     0.458     0.251     0.708
 8169.0     0.531     0.300     0.831
 8170.0     0.554     0.307     0.861
 8171.0     0.546     0.312     0.858
 8172.0     0.527     0.338     0.865
 8173.0     0.553     0.329     0.882
 8174.0     0.511     0.269     0.781
 8175.0     0.466     0.229     0.695
 8176.0     0.467     0.248     0.715
 8177.0     0.591     0.254     0.845
 8178.0     0.581     0.242     0.823
 8179.0     0.572     0.245     0.817
 8180.0     0.580     0.268     0.848
 8181.0     0.539     0.239     0.778
 8182.0     0.450     0.224     0.674
 8183.0     0.439     0.228     0.667
 8184.0     0.422     0.234     0.656
 8185.0     0.408     0.221     0.630
 8186.0     0.417     0.212     0.629
 8187.0     0.344     0.195     0.539
 8188.0     0.400     0.184     0.584
 8189.0     0.515     0.194     0.709
 8190.0     0.527     0.187     0.714
 8191.0     0.533     0.202     0.734
 8192.0     0.565     0.219     0.784
 8193.0     0.560     0.217     0.777
 8194.0     0.460     0.192     0.651
 8195.0     0.450     0.197     0.647
 8196.0     0.486     0.193     0.679
 8197.0     0.445     0.202     0.646
 8198.0     0.421     0.231     0.651
 8199.0     0.493     0.264     0.757
 8200.0     0.567     0.271     0.837
 8201.0     0.548     0.272     0.820
 8202.0     0.696     0.272     0.968
 8203.0     0.728     0.257     0.985
 8204.0     0.672     0.242     0.914
 8205.0     0.902     0.244     1.146
 8206.0     0.978     0.273     1.250
 8207.0     0.920     0.276     1.196
 8208.0     0.891     0.284     1.175
 8209.0     0.962     0.285     1.248
 8210.0     0.657     0.278     0.935
 8211.0     0.553     0.289     0.842
 8212.0     0.494     0.274     0.768
 8213.0     0.499     0.280     0.779
 8214.0     0.352     0.265     0.616
 8215.0     0.374     0.267     0.641
 8216.0     0.364     0.246     0.610
 8217.0     0.403     0.285     0.689
 8218.0     0.458     0.308     0.766
 8219.0     0.529     0.325     0.853
 8220.0     0.546     0.333     0.879
 8221.0     0.701     0.344     1.045
 8222.0     0.667     0.323     0.990
 8223.0     0.624     0.345     0.969
 8224.0     0.677     0.358     1.034
 8225.0     0.772     0.350     1.121
 8226.0     0.773     0.343     1.116
 8227.0     0.804     0.332     1.135
 8228.0     1.025     0.356     1.381
 8229.0     0.933     0.358     1.291
 8230.0     1.186     0.384     1.570
 8231.0     1.128     0.437     1.564
 8232.0     1.153     0.499     1.652
 8233.0     0.970     0.472     1.442
 8234.0     1.168     0.474     1.642
 8235.0     0.858     0.522     1.381
 8236.0     0.847     0.479     1.326
 8237.0     0.947     0.457     1.404
 8238.0     0.952     0.419     1.371
 8239.0     0.823     0.435     1.258
 8240.0     0.808     0.361     1.169
 8241.0     0.843     0.390     1.233
 8242.0     0.794     0.403     1.197
 8243.0     0.763     0.381     1.145
 8244.0     0.724     0.392     1.116
 8245.0     0.789     0.433     1.222
 8246.0     0.904     0.374     1.278
 8247.0     0.804     0.356     1.161
 8248.0     0.802     0.393     1.195
 8249.0     0.963     0.363     1.326
 8250.0     0.972     0.345     1.317
 8251.0     0.944     0.346     1.289
 8252.0     1.030     0.329     1.359
 8253.0     1.048     0.315     1.364
 8254.0     0.985     0.316     1.301
 8255.0     0.890     0.292     1.183
 8256.0     0.721     0.287     1.008
 8257.0     0.711     0.278     0.990
 8258.0     0.667     0.265     0.932
 8259.0     0.534     0.221     0.755
 8260.0     0.513     0.215     0.729
 8261.0     0.458     0.231     0.689
 8262.0     0.386     0.206     0.593
 8263.0     0.382     0.187     0.569
 8264.0     0.428     0.215     0.643
 8265.0     0.461     0.207     0.668
 8266.0     0.635     0.201     0.835
 8267.0     0.672     0.200     0.871
 8268.0     0.671     0.217     0.887
 8269.0     0.764     0.234     0.998
 8270.0     0.793     0.259     1.052
 8271.0     0.736     0.250     0.985
 8272.0     0.878     0.263     1.141
 8273.0     0.907     0.263     1.169
 8274.0     0.836     0.252     1.087
 8275.0     0.850     0.259     1.109
 8276.0     0.807     0.285     1.093
 8277.0     0.659     0.279     0.938
 8278.0     0.695     0.291     0.987
 8279.0     0.702     0.325     1.027
 8280.0     0.675     0.358     1.032
 8281.0     0.705     0.350     1.055
 8282.0     0.707     0.351     1.058
 8283.0     0.710     0.395     1.105
 8284.0     0.701     0.402     1.103
 8285.0     0.752     0.360     1.112
 8286.0     0.760     0.390     1.149
 8287.0     0.787     0.445     1.232
 8288.0     0.857     0.418     1.275
 8289.0     0.901     0.375     1.275
 8290.0     0.877     0.383     1.260
 8291.0     0.825     0.362     1.186
 8292.0     0.831     0.344     1.176
 8293.0     0.725     0.335     1.061
 8294.0     0.762     0.331     1.094
 8295.0     0.678     0.321     0.999
 8296.0     0.697     0.330     1.028
 8297.0     0.630     0.309     0.938
 8298.0     0.588     0.298     0.886
 8299.0     0.695     0.314     1.009
 8300.0     0.733     0.308     1.042
 8301.0     0.691     0.281     0.972
 8302.0     0.711     0.274     0.986
 8303.0     0.756     0.256     1.012
 8304.0     0.600     0.241     0.842
 8305.0     0.586     0.264     0.851
 8306.0     0.636     0.292     0.929
 8307.0     0.764     0.282     1.046
 8308.0     0.781     0.279     1.060
 8309.0     0.818     0.293     1.110
 8310.0     0.859     0.300     1.159
 8311.0     0.847     0.309     1.156
 8312.0     0.865     0.348     1.212
 8313.0     0.809     0.415     1.224
 8314.0     0.912     0.418     1.329
 8315.0     1.027     0.394     1.421
 8316.0     1.216     0.403     1.618
 8317.0     1.130     0.394     1.524
 8318.0     1.322     0.342     1.664
 8319.0     1.251     0.314     1.565
 8320.0     1.115     0.371     1.486
 8321.0     1.001     0.326     1.328
 8322.0     0.977     0.322     1.300
 8323.0     0.843     0.415     1.258
 8324.0     0.892     0.471     1.363
 8325.0     0.829     0.416     1.245
 8326.0     0.717     0.419     1.136
 8327.0     0.632     0.431     1.063
 8328.0     0.847     0.367     1.215
 8329.0     0.650     0.316     0.966
 8330.0     0.901     0.407     1.308
 8331.0     1.047     0.528     1.574
 8332.0     1.110     0.570     1.680
 8333.0     0.911     0.580     1.491
 8334.0     0.995     0.585     1.580
 8335.0     0.965     0.521     1.486
 8336.0     1.001     0.459     1.461
 8337.0     1.083     0.406     1.489
 8338.0     1.131     0.383     1.514
 8339.0     1.294     0.431     1.725
 8340.0     1.260     0.454     1.714
 8341.0     1.317     0.439     1.756
 8342.0     1.388     0.424     1.812
 8343.0     1.485     0.382     1.868
 8344.0     1.576     0.393     1.969
 8345.0     1.661     0.419     2.080
 8346.0     1.782     0.491     2.273
 8347.0     1.767     0.513     2.280
 8348.0     1.770     0.569     2.339
 8349.0     1.640     0.541     2.181
 8350.0     1.506     0.578     2.084
 8351.0     1.452     0.491     1.944
 8352.0     1.460     0.454     1.914
 8353.0     1.530     0.466     1.995
 8354.0     1.804     0.605     2.408
 8355.0     2.120     0.576     2.697
 8356.0     2.014     0.536     2.550
