6627	2.409	1.151	3.561	1	A1
6628	1.666	0.516	2.182	2	A2
6629	1.236	0.819	2.055	2	...
6630	1.843	1.395	3.239	2	...
6631	1.465	1.267	2.733	2	...
6632	2	0.863	2.863	2	...
6633	1.166	0.841	2.007	2	...
6634	2.724	0.613	1.521	2	...
6635	1.294	0.613	1.907	2	...
6636	0.432	0.28	0.711	2	...
6637	0.954	0.507	1.461	2	...
6638	1.676	0.792	2.467	3	A3
6639	0.753	0.788	1.54	3	...
6640	1.084	0.717	1.8	3	...
6641	0.436	0.426	0.863	3	...
6642	0.491	0.477	0.968	3	...
6643	0.547	0.677	1.224	3	...
6644	0.488	0.661	1.151	2	...
6645	0.458	0.526	0.985	2	...
6646	0.534	0.398	0.933	2	...
6647	0.435	0.466	0.903	2	...
6648	0.391	0.488	0.88	2	...
6649	1.324	0.572	1.896	2	...
6650	0.467	0.61	1.077	2	...
6651	0.489	0.587	1.077	2	...
6652	0.866	0.708	1.574	2	...
6653	1.099	1.274	2.373	2	...
6654	0.995	0.497	1.492	2	...
6655	0.847	1.134	1.982	3	A4
6656	0.441	0.512	0.953	3	...
6657	0.833	0.722	1.556	3	...
6658	0.888	0.562	1.45	3	...
6659	0.496	0.531	1.028	3	...
6660	0.773	0.407	1.18	3	...
6661	0.511	0.341	0.853	3	...
6662	0.728	0.658	1.385	3	...
6663	1.179	0.496	1.675	2	...
6664	0.653	0.533	1.187	2	...
6665	0.556	0.617	1.173	2	...
6666	2.483	1.129	3.612	2	...
6667	1.362	0.648	2.009	2	...
6668	2.261	1.187	3.448	2	...
6669	1.84	0.646	2.486	2	...
6670	1.936	0.551	2.487	3	A5
6671	4.247	1.228	5.474	3	...
6672	1.464	1.004	2.468	2	...
6673	0.649	0.544	1.192	2	...
6674	1.246	0.837	2.083	2	...
6675	0.944	0.4	1.344	2	...
6676	0.77	0.558	1.328	2	...
6677	1.115	0.414	1.528	2	...
6678	0.587	0.687	1.275	3	A6
6679	0.637	0.748	1.385	3	...
6680	0.828	1.144	1.972	3	...
6681	0.781	0.556	1.337	3	...
6682	0.731	0.515	1.246	3	...
6683	0.641	0.46	1.102	3	...
6684	0.636	0.385	1.022	3	...
6685	0.685	0.706	1.392	3	...
6686	0.651	0.491	1.143	3	...
6687	0.436	0.646	1.083	3	...
6688	0.451	0.481	0.932	3	...
6689	0.58	2.549	3.129	2	...
6690	0.709	1.071	1.78	2	...
6691	0.913	0.55	1.463	2	...
6692	0.551	0.664	1.214	2	...
6693	1.065	0.849	1.914	2	...
6694	0.3	0.391	0.691	2	...
6695	0.405	0.668	1.072	2	...
6696	1.028	0.405	1.434	2	...
6697	0.623	0.322	0.946	2	...
6698	0.608	0.451	1.059	2	...
6699	0.839	0.465	1.303	2	...
6700	0.599	0.359	0.959	2	...
6701	0.479	0.666	1.146	2	...
6702	1.468	1.056	2.525	2	...
6703	0.981	0.855	1.836	2	...
6704	0.961	0.503	1.465	2	...
6705	0.849	0.473	1.322	2	...
6706	0.556	0.556	1.112	2	...
6707	0.802	0.635	1.437	3	A7
6708	0.759	0.401	1.16	3	...
6709	0.553	0.548	1.1	2	...
6710	3.528	1.164	4.693	2	...
6711	1.016	0.46	1.477	2	...
6712	1.212	0.301	1.513	2	...
6713	0.605	0.382	0.987	2	...
6714	0.766	0.414	1.181	2	...
6715	0.815	0.45	1.265	2	...
6716	0.834	0.461	1.294	2	...
6717	0.652	0.289	0.94	2	...
6718	1.466	0.74	2.205	1	...
6719	1.986	0.548	2.534	1	...
6720	0.466	0.425	0.89	1	...
6721	0.779	0.602	1.381	1	...
6722	0.658	0.466	1.124	2	A8
6723	0.679	0.514	1.192	2	...
6724	0.528	0.294	0.822	2	...
6725	0.521	0.349	0.871	2	...
6726	0.37	0.343	0.713	2	...
6727	0.598	0.413	1.01	2	...
6728	0.247	0.646	0.893	2	...
6729	0.852	0.46	1.312	2	...
6730	0.659	0.557	1.215	2	...
6731	0.391	0.384	0.775	2	...
6732	0.48	0.391	0.872	2	...
6733	0.357	0.454	0.811	2	...
6734	0.808	0.487	1.294	2	...
6735	0.534	0.692	1.225	2	...
6736	0.356	0.678	1.033	2	...
6737	0.424	0.335	0.76	2	...
6738	0.451	0.54	0.992	2	...
6739	0.397	0.712	1.108	2	...
6740	0.493	0.512	1.005	2	...
6741	0.341	0.253	0.595	2	...
6742	0.744	0.765	1.51	2	...
6743	0.539	0.752	1.29	2	...
6744	0.73	0.581	1.311	2	...
6745	0.622	0.909	1.53	2	...
6746	0.704	0.65	1.354	2	...
6747	0.778	0.683	1.461	2	...
6748	0.506	0.448	0.954	3	A9
6749	0.206	0.467	0.672	3	...
6750	0.289	0.384	0.672	3	...
6751	0.39	0.531	0.921	3	...
6752	0.5	0.608	1.107	3	...
6753	0.678	0.617	1.294	2	...
6754	0.49	0.493	0.983	2	...
6755	0.31	0.449	0.758	2	...
6756	0.336	0.332	0.669	2	...
6757	0.449	0.753	1.201	2	...
6758	0.409	0.354	0.764	2	...
6759	0.359	0.63	0.989	2	...
6760	0.323	0.641	0.965	2	...
6761	0.269	0.65	0.919	2	...
6762	0.446	0.572	1.018	2	...
6763	0.471	0.44	0.911	2	...
6764	0.445	0.635	1.08	2	...
6765	0.326	0.625	0.951	2	...
6766	0.408	0.376	0.784	2	...
6767	0.496	0.477	0.972	2	...
6768	0.333	0.384	0.717	2	...
6769	0.589	0.786	1.375	2	...
6770	0.255	0.637	0.892	2	...
6771	0.423	0.532	0.955	2	...
6772	0.333	0.562	0.896	2	...
6773	0.454	0.671	1.125	2	...
6774	0.723	0.654	1.377	2	...
6775	0.708	0.698	1.406	2	...
6776	0.344	0.654	0.999	3	A10
6777	0.516	0.484	1	2	...
6778	0.397	0.533	0.929	2	...
6779	0.495	0.489	0.984	2	...
6780	0.344	0.521	0.865	2	...
6781	0.629	0.622	1.25	2	...
6782	0.264	0.515	0.779	2	...
6783	0.452	0.806	1.258	2	...
6784	0.431	0.494	0.924	2	...
6785	0.694	0.758	1.452	2	...
6786	0.387	0.655	1.041	2	...
6787	0.505	0.872	1.376	2	...
6788	0.541	0.787	1.328	2	...
6789	0.289	0.47	0.76	2	...
6790	0.471	0.535	1.006	2	...
6791	0.386	0.563	0.949	2	...
6792	0.481	0.916	1.397	2	...
6793	0.539	0.775	1.314	2	...
6794	0.605	0.767	1.373	2	...
6795	0.647	1.118	1.764	2	...
6796	0.669	0.896	1.564	2	...
6797	0.625	0.954	1.579	2	...
6798	0.375	0.806	1.181	2	...
6799	0.242	0.321	0.562	2	...
6800	0.317	0.428	0.746	2	...
6801	0.697	0.589	1.285	2	...
6802	0.301	0.435	0.735	2	...
6803	0.273	0.272	0.545	2	...
6804	0.321	0.47	0.791	2	...
6805	0.485	0.431	0.916	1	...
6806	0.517	0.582	1.099	1	...
6807	0.614	0.582	1.196	1	...
6808	0.503	0.454	0.957	2	A11
6809	1.931	0.666	2.597	2	...
6810	0.411	0.406	0.817	2	...
6811	0.324	0.319	0.643	2	...
6812	0.346	0.491	0.837	2	...
6813	0.292	0.313	0.605	2	...
6814	0.308	0.33	0.638	2	...
6815	0.259	0.346	0.605	2	...
6816	0.298	0.356	0.654	2	...
6817	0.259	0.259	0.519	2	...
6818	0.562	0.4	0.962	2	...
6819	0.389	0.389	0.778	2	...
6820	0.448	0.47	0.919	2	...
6821	0.281	0.373	0.654	2	...
6822	0.378	0.389	0.767	2	...
6823	0.551	0.313	0.865	2	...
6824	0.324	0.248	0.573	2	...
6825	0.427	0.232	0.66	2	...
6826	0.345	0.303	0.648	2	...
6827	0.248	0.275	0.524	2	...
6828	0.669	0.545	1.214	2	...
6829	0.34	0.362	0.702	2	...
6830	0.373	0.465	0.837	2	...
6831	0.275	0.286	0.562	2	...
6832	0.313	0.405	0.719	2	...
6833	0.405	0.395	0.799	2	...
6834	0.52	0.412	0.931	1	...
6835	0.412	0.531	0.942	1	...
6836	0.433	0.412	0.845	1	...
6837	0.455	0.466	0.921	1	...
6838	0.314	0.357	0.671	1	...
6839	0.249	0.325	0.574	1	...
6840	0.238	0.347	0.585	1	...
6841	0.31	0.322	0.632	2	A12
6842	0.376	0.244	0.62	2	...
6843	0.354	0.4	0.755	2	...
6844	0.368	0.726	1.095	2	...
6845	0.451	0.526	0.979	2	...
6846	0.377	0.387	0.763	2	...
6847	0.309	0.187	0.495	2	...
6848	0.364	0.394	0.758	2	...
6849	0.291	0.345	0.636	2	...
6850	0.303	0.355	0.659	2	...
6851	0.126	0.196	0.321	2	...
6852	0.319	0.412	0.732	2	...
6853	0.241	0.16	0.4	2	...
6854	0.898	0.596	1.495	2	...
6855	0.438	0.359	0.797	2	...
6856	0.226	0.355	0.581	2	...
6857	0.659	0.47	1.128	2	...
6858	0.278	0.193	0.472	2	...
6859	0.447	0.835	1.282	2	...
6860	0.29	0.294	0.584	2	...
6861	0.211	0.272	0.483	2	...
6862	0.314	0.447	0.761	2	...
6863	0.518	0.421	0.94	2	...
6864	0.323	0.206	0.53	2	...
6865	0.278	0.194	0.473	2	...
6866	0.267	0.222	0.489	2	...
6867	0.32	0.389	0.71	2	...
6868	0.479	0.246	0.726	2	...
6869	0.372	0.448	0.821	2	...
6870	0.489	0.496	0.984	2	...
6871	0.441	0.442	0.882	2	...
6872	0.243	0.398	0.641	2	...
6873	0.308	0.306	0.615	2	...
6874	0.403	0.318	0.722	2	...
6875	0.267	0.286	0.554	2	...
6876	0.15	0.176	0.326	2	...
6877	0.153	0.151	0.304	2	...
6878	0.247	0.183	0.43	2	...
6879	0.682	0.381	1.063	2	...
6880	0.272	0.201	0.473	3	A13
6881	0.196	0.167	0.363	2	...
6882	7.036	1.433	8.467	2	...
6883	2.232	0.949	3.181	2	...
6884	0.56	0.506	1.066	2	...
6885	6.261	0.816	7.077	2	...
6886	0.466	0.677	1.143	2	...
6887	0.567	0.696	1.263	2	...
6888	0.707	0.597	1.304	2	...
6889	0.502	0.409	0.91	2	...
6890	1.972	0.673	2.645	2	...
6891	0.676	0.688	1.363	2	...
6892	0.413	0.515	0.928	3	A14
6893	0.148	0.397	0.544	3	...
6894	0.454	0.544	0.999	2	...
6895	14.014	1.27	15.283	2	...
6896	1.593	0.75	2.342	2	...
6897	0.882	0.747	1.629	2	...
6898	1.319	0.643	1.962	2	...
6899	0.813	0.53	1.342	2	...
6900	1.208	0.905	2.113	2	...
6901	1.345	1.208	2.552	1	...
6902	1.139	1.07	2.209	1	...
6903	1.002	0.755	1.756	1	...
6904	1.129	0.668	1.796	2	A15
6905	0.912	0.541	1.454	2	...
6906	0.827	0.436	1.263	2	...
6907	0.939	0.555	1.494	2	...
6908	0.568	0.544	1.112	2	...
6909	0.694	0.671	1.364	2	...
6910	1.14	0.638	1.778	2	...
6911	1.367	0.677	2.043	2	...
6912	1.076	0.756	1.832	2	...
6913	1.134	0.809	1.943	2	...
6914	0.908	0.654	1.561	2	...
6915	0.76	0.709	1.47	2	...
6916	0.975	0.467	1.442	2	...
6917	0.695	0.577	1.271	2	...
6918	1.063	0.559	1.622	2	...
6919	0.378	0.544	0.923	2	...
6920	0.418	0.406	0.824	1	...
6921	0.823	0.671	1.495	1	...
6922	1.014	0.785	1.799	1	...
6923	1.039	0.887	1.926	1	...
6924	1.087	0.719	1.806	2	A16
6925	0.589	0.697	1.285	2	...
6926	1.712	0.997	2.71	2	...
6927	1.441	0.923	2.364	2	...
6928	1.468	0.951	2.419	2	...
6929	0.994	0.796	1.789	2	...
6930	0.994	0.655	1.65	2	...
6931	1.115	0.661	1.776	2	...
6932	1.202	0.77	1.971	2	...
6933	0.844	0.633	1.476	2	...
6934	1.516	0.723	2.24	2	...
6935	1.362	0.722	2.086	2	...
6936	1.666	0.707	2.373	2	...
6937	1.487	0.817	2.305	2	A17
6938	1.471	0.743	2.214	2	...
6939	1.518	0.725	2.243	2	...
6940	1.365	0.92	2.286	2	...
6941	0.965	0.658	1.623	2	...
6942	0.981	0.647	1.628	2	...
6943	0.875	0.583	1.458	2	...
6944	0.878	0.64	1.52	2	...
6945	1.132	0.598	1.73	2	...
6946	0.613	0.618	1.232	2	...
6947	0.751	0.523	1.275	2	...
6948	0.497	0.465	0.962	2	...
6949	0.428	0.269	0.697	2	...
6950	0.851	0.259	1.11	2	...
6951	0.999	0.523	1.522	2	...
6952	0.936	0.465	1.401	2	...
6953	0.778	0.572	1.35	2	...
6954	1.199	0.613	1.812	2	...
6955	1.025	0.56	1.584	1	...
6956	2.229	0.873	3.102	1	...
6957	1.023	0.678	1.701	2	A18
6958	0.451	0.35	0.8	2	...
6959	0.382	0.255	0.637	2	...
6960	0.276	0.292	0.567	2	...
6961	0.414	0.196	0.61	2	...
6962	0.546	0.218	0.764	2	...
6963	0.366	0.265	0.632	2	...
6964	0.419	0.298	0.716	2	...
6965	0.35	0.27	0.621	2	...
6966	0.409	0.329	0.738	2	...
6967	0.329	0.255	0.584	2	...
6968	0.55	0.318	0.868	2	...
6969	0.301	0.206	0.508	2	...
6970	0.27	0.233	0.502	2	...
6971	0.572	0.455	1.027	2	...
6972	0.449	0.27	0.719	2	...
6973	0.211	0.227	0.438	2	...
6974	1.073	0.549	1.622	2	...
6975	0.461	0.433	0.893	2	...
6976	0.434	0.401	0.836	2	...
6977	0.946	0.428	1.374	2	...
6978	0.592	0.265	0.856	2	...
6979	0.719	0.249	0.967	2	...
6980	0.507	0.243	0.75	2	...
6981	0.546	0.302	0.847	2	...
6982	0.503	0.403	0.906	2	...
6983	0.545	0.434	0.98	2	...
6984	0.481	0.327	0.809	2	...
6985	0.329	0.276	0.604	1	...
6986	1.643	0.647	2.29	1	...
6987	1.737	0.586	2.323	1	...
6988	0.373	0.16	0.533	1	...
6989	0.607	0.391	0.998	2	A19
6990	0.207	0.171	0.378	2	...
6991	0.248	0.22	0.468	2	...
6992	0.266	0.25	0.516	2	...
6993	0.303	0.25	0.553	2	...
6994	0.2	0.229	0.429	2	...
6995	0.172	0.169	0.341	2	...
6996	0.455	0.424	0.878	2	...
6997	0.745	0.479	1.224	2	...
6998	0.299	0.196	0.495	2	...
6999	0.465	0.368	0.833	2	...
7000	0.325	0.193	0.519	2	...
7001	0.254	0.257	0.51	2	...
7002	0.609	0.404	1.012	2	...
7003	0.401	0.315	0.716	2	...
7004	0.278	0.19	0.468	2	...
7005	0.222	0.181	0.402	2	...
7006	0.248	0.269	0.516	2	...
7007	0.251	0.275	0.525	2	...
7008	0.177	0.17	0.347	2	...
7009	0.45	0.278	0.729	2	...
7010	0.465	0.334	0.799	2	...
7011	0.31	0.328	0.638	2	...
7012	0.461	0.638	1.099	2	...
7013	0.222	0.271	0.492	2	...
7014	0.272	0.444	0.715	2	...
7015	0.421	0.299	0.72	2	...
7016	0.436	0.359	0.796	2	...
7017	0.458	0.373	0.831	2	...
7018	0.563	0.452	1.016	2	...
7019	0.248	0.274	0.523	2	...
7020	0.211	0.248	0.459	2	...
7021	0.235	0.281	0.518	2	...
7022	0.28	0.299	0.578	2	...
7023	0.162	0.167	0.329	2	...
7024	0.446	0.388	0.834	2	...
7025	0.592	0.44	1.031	2	...
7026	0.304	0.252	0.558	2	...
7027	0.153	0.157	0.31	2	...
7028	0.309	0.162	0.471	2	...
7029	0.153	0.199	0.352	2	...
7030	0.142	0.125	0.267	2	...
7031	0.159	0.178	0.337	2	...
7032	0.244	0.283	0.527	2	...
7033	0.257	0.322	0.579	1	...
7034	0.23	0.224	0.454	1	...
7035	0.526	0.382	0.908	1	...
7036	0.178	0.184	0.362	1	...
7037	0.27	0.211	0.48	1	...
7038	0.171	0.27	0.441	1	...
7039	0.217	0.25	0.467	1	...
7040	0.204	0.19	0.394	1	...
7041	0.194	0.272	0.466	2	B1
7042	0.22	0.352	0.572	2	...
7043	0.187	0.187	0.374	2	...
7044	0.137	0.215	0.352	2	...
7045	0.134	0.225	0.359	2	...
7046	0.178	0.272	0.451	2	...
7047	0.153	0.218	0.371	2	...
7048	0.138	0.199	0.337	2	...
7049	0.169	0.194	0.363	2	...
7050	0.127	0.172	0.299	2	...
7051	0.13	0.185	0.315	2	...
7052	0.118	0.14	0.257	2	...
7053	0.139	0.131	0.27	2	...
7054	0.21	0.169	0.378	2	...
7055	0.176	0.141	0.316	2	...
7056	0.092	0.182	0.273	2	...
7057	0.208	0.234	0.442	2	...
7058	0.117	0.171	0.289	2	...
7059	0.135	0.315	0.451	2	...
7060	0.326	0.379	0.705	2	...
7061	0.218	0.341	0.559	2	...
7062	0.149	0.241	0.391	2	...
7063	0.102	0.155	0.257	2	...
7064	0.102	0.2	0.301	2	...
7065	0.136	0.211	0.346	2	...
7066	0.245	0.257	0.502	2	...
7067	0.098	0.219	0.317	2	...
7068	0.326	0.291	0.618	2	...
7069	0.117	0.168	0.285	2	...
7070	0.143	0.192	0.335	2	...
7071	0.143	0.196	0.339	2	...
7072	0.121	0.168	0.288	2	...
7073	0.16	0.297	0.456	2	...
7074	0.159	0.154	0.313	2	...
7075	0.19	0.278	0.468	2	...
7076	0.091	0.161	0.253	2	...
7077	0.104	0.186	0.29	2	...
7078	0.101	0.142	0.243	2	...
7079	0.069	0.113	0.183	2	...
7080	0.162	0.126	0.287	2	...
7081	0.136	0.139	0.275	2	...
7082	0.076	0.091	0.167	2	...
7083	0.155	0.146	0.3	2	...
7084	0.152	0.256	0.407	2	...
7085	0.098	0.168	0.266	2	...
7086	0.12	0.198	0.318	2	...
7087	0.135	0.25	0.386	2	...
7088	0.109	0.152	0.262	2	...
7089	0.138	0.162	0.299	2	...
7090	0.098	0.16	0.259	2	...
7091	0.075	0.126	0.201	2	...
7092	0.095	0.145	0.24	2	...
7093	0.098	0.199	0.297	2	...
7094	0.119	0.148	0.268	2	...
7095	0.085	0.129	0.214	2	...
7096	0.069	0.111	0.179	2	...
7097	0.129	0.169	0.299	2	...
7098	0.106	0.133	0.239	2	...
7099	0.088	0.132	0.22	2	...
7100	0.101	0.128	0.229	2	...
7101	0.072	0.119	0.192	2	...
7102	0.148	0.15	0.299	2	...
7103	0.065	0.116	0.182	2	...
7104	0.166	0.202	0.368	2	...
7105	0.103	0.157	0.261	2	...
7106	0.101	0.141	0.241	2	...
7107	0.094	0.152	0.245	2	...
7108	0.155	0.166	0.32	2	...
7109	0.137	0.073	0.21	3	B2
7110	0.234	0.219	0.452	3	...
7111	0.102	0.161	0.262	3	...
7112	0.137	0.204	0.34	3	...
7113	0.1	0.184	0.283	3	...
7114	0.225	0.3	0.525	3	...
7115	0.093	0.195	0.288	3	...
7116	0.145	0.282	0.428	3	...
7117	0.085	0.152	0.236	3	...
7118	0.087	0.115	0.202	3	...
7119	0.142	0.158	0.299	3	...
7120	0.218	0.366	0.585	3	...
7121	0.172	0.249	0.421	3	...
7122	0.077	0.158	0.235	3	...
7123	0.089	0.158	0.247	3	...
7124	0.109	0.208	0.318	3	...
7125	0.119	0.15	0.27	3	...
7126	0.06	0.072	0.133	2	...
7127	0.345	0.248	0.593	2	...
7128	0.094	0.188	0.282	2	...
7129	0.064	0.155	0.218	2	...
7130	0.109	0.22	0.33	2	...
7131	0.127	0.206	0.333	2	...
7132	0.125	0.16	0.285	2	...
7133	0.127	0.14	0.266	2	...
7134	0.091	0.103	0.193	2	...
7135	0.052	0.091	0.142	2	...
7136	0.137	0.181	0.318	2	...
7137	0.1	0.166	0.266	2	...
7138	0.131	0.175	0.306	2	...
7139	0.088	0.124	0.212	2	...
7140	0.124	0.163	0.287	2	...
7141	0.127	0.178	0.305	2	...
7142	0.1	0.124	0.223	2	...
7143	0.124	0.19	0.314	2	...
7144	0.1	0.154	0.253	2	...
7145	0.105	0.157	0.262	2	...
7146	0.1	0.115	0.215	2	...
7147	0.236	0.253	0.488	2	...
7148	0.069	0.111	0.181	2	...
7149	0.112	0.162	0.275	2	...
7150	0.132	0.148	0.28	2	...
7151	0.094	0.169	0.262	2	...
7152	0.102	0.12	0.223	2	...
7153	0.073	0.081	0.154	2	...
7154	0.162	0.215	0.377	2	...
7155	0.145	0.145	0.289	2	...
7156	0.075	0.15	0.226	2	...
7157	0.141	0.226	0.368	2	...
7158	0.135	0.195	0.331	2	...
7159	0.271	0.271	0.542	2	...
7160	0.117	0.22	0.337	2	...
7161	0.09	0.111	0.201	2	...
7162	0.259	0.275	0.534	2	...
7163	0.175	0.196	0.37	2	...
7164	0.075	0.166	0.241	2	...
7165	0.124	0.208	0.331	2	...
7166	0.171	0.181	0.352	2	...
7167	0.175	0.16	0.335	2	...
7168	0.16	0.169	0.328	2	...
7169	0.175	0.231	0.407	2	...
7170	0.159	0.181	0.34	2	...
7171	0.09	0.126	0.216	2	...
7172	0.159	0.208	0.366	2	...
7173	0.168	0.243	0.41	2	...
7174	0.129	0.234	0.363	2	...
7175	0.146	0.218	0.366	2	...
7176	0.118	0.119	0.236	2	...
7177	0.123	0.132	0.255	2	...
7178	0.09	0.165	0.255	2	...
7179	0.183	0.15	0.333	2	...
7180	0.084	0.168	0.252	2	...
7181	0.105	0.147	0.252	2	...
7182	0.266	0.309	0.575	2	...
7183	0.281	0.317	0.599	2	...
7184	0.203	0.315	0.518	2	...
7185	0.162	0.287	0.449	2	...
7186	0.261	0.335	0.596	2	...
7187	0.234	0.306	0.539	2	...
7188	0.249	0.206	0.456	2	...
7189	0.234	0.287	0.521	2	...
7190	0.195	0.275	0.47	2	...
7191	0.17	0.132	0.303	2	...
7192	0.17	0.207	0.377	3	B3-L
7193	0.171	0.149	0.321	3	...
7194	0.075	0.068	0.143	3	...
7195	0.124	0.117	0.241	3	...
7196	0.069	0.101	0.17	3	...
7197	0.191	0.181	0.372	3	...
7198	0.271	0.255	0.526	3	...
7199	0.067	0.135	0.202	3	...
7200	0.129	0.139	0.268	3	...
7201	0.078	0.137	0.216	3	...
7202	0.067	0.115	0.183	3	...
7203	0.127	0.176	0.302	3	...
7204	0.181	0.247	0.428	3	...
7205	0.149	0.223	0.372	3	...
7206	0.16	0.268	0.428	3	...
7207	0.105	0.195	0.3	3	...
7208	0.117	0.181	0.297	3	...
7209	0.137	0.152	0.289	3	...
7210	0.139	0.155	0.294	3	...
7211	0.137	0.217	0.354	3	...
7212	0.191	0.257	0.448	3	...
7213	0.153	0.149	0.301	3	...
7214	0.107	0.12	0.227	3	...
7215	0.217	0.168	0.385	3	...
7216	0.073	0.094	0.167	2	...
7217	0.131	0.127	0.258	2	...
7218	0.228	0.188	0.415	2	...
7219	0.134	0.242	0.376	2	...
7220	0.228	0.166	0.394	2	...
7221	0.103	0.163	0.267	2	...
7222	0.376	0.206	0.582	2	...
7223	0.124	0.109	0.232	2	...
7224	0.139	0.078	0.217	2	...
7225	0.081	0.109	0.19	2	...
7226	0.124	0.094	0.216	2	...
7227	0.087	0.157	0.245	2	...
7228	0.09	0.109	0.199	2	...
7229	0.051	0.115	0.166	2	...
7230	0.039	0.123	0.163	2	...
7231	0.226	0.227	0.453	2	...
7232	0.079	0.136	0.214	2	...
7233	0.096	0.133	0.229	2	...
7234	0.103	0.157	0.259	2	...
7235	0.139	0.154	0.292	2	...
7236	0.102	0.169	0.271	2	...
7237	0.088	0.165	0.252	2	...
7238	0.06	0.111	0.171	2	...
7239	0.153	0.228	0.382	2	...
7240	0.15	0.135	0.285	2	...
7241	0.064	0.115	0.177	2	...
7242	0.069	0.126	0.195	2	...
7243	0.079	0.079	0.156	2	...
7244	0.058	0.13	0.186	2	...
7245	0.105	0.132	0.238	2	...
7246	0.153	0.118	0.27	2	...
7247	0.075	0.094	0.168	2	...
7248	0.049	0.109	0.157	2	...
7249	0.123	0.207	0.331	2	...
7250	0.15	0.19	0.34	2	...
7251	0.202	0.177	0.38	2	...
7252	0.06	0.102	0.162	2	...
7253	0.087	0.141	0.229	2	...
7254	0.06	0.109	0.169	2	...
7255	0.126	0.208	0.335	2	...
7256	0.054	0.1	0.154	2	...
7257	0.054	0.109	0.162	2	...
7258	0.054	0.111	0.166	2	...
7259	0.051	0.12	0.171	2	...
7260	0.25	0.156	0.406	2	...
7261	0.051	0.09	0.141	2	...
7262	0.066	0.09	0.156	2	...
7263	0.064	0.096	0.16	2	...
7264	0.126	0.123	0.25	2	...
7265	0.066	0.096	0.162	2	...
7266	0.069	0.093	0.162	2	...
7267	0.06	0.108	0.168	2	...
7268	0.079	0.132	0.21	2	...
7269	0.072	0.078	0.15	2	...
7270	0.048	0.123	0.171	2	...
7271	0.183	0.102	0.285	2	...
7272	0.069	0.108	0.177	2	...
7273	0.067	0.162	0.229	2	...
7274	0.266	0.09	0.356	2	...
7275	0.078	0.204	0.282	2	...
7276	0.078	0.141	0.22	2	...
7277	0.051	0.057	0.108	2	...
7278	0.073	0.126	0.199	2	...
7279	0.05	0.129	0.179	2	...
7280	0.039	0.056	0.096	2	...
7281	0.036	0.072	0.108	2	...
7282	0.175	0.162	0.336	2	...
7283	0.045	0.045	0.09	2	...
7284	0.067	0.054	0.12	2	...
7285	0.058	0.045	0.104	2	...
7286	0.071	0.083	0.155	2	...
7287	0.387	0.273	0.66	2	...
7288	0.093	0.114	0.207	2	...
7289	0.047	0.099	0.146	2	...
7290	0.081	0.12	0.201	2	...
7291	0.084	0.147	0.231	2	...
7292	0.072	0.153	0.225	2	...
7293	0.047	0.102	0.15	2	...
7294	0.065	0.105	0.17	2	...
7295	0.09	0.126	0.215	2	...
7296	0.069	0.087	0.155	2	...
7297	0.11	0.105	0.216	2	...
7298	0.093	0.108	0.2	2	...
7299	0.067	0.129	0.195	2	...
7300	0.063	0.078	0.141	2	...
7301	0.058	0.117	0.175	2	...
7302	0.087	0.267	0.354	2	...
7303	0.171	0.201	0.372	2	...
7304	0.097	0.109	0.206	3	C1
7305	0.061	0.073	0.133	3	...
7306	0.07	0.082	0.153	3	...
7307	0.058	0.074	0.133	3	...
7308	0.081	0.12	0.2	3	...
7309	0.079	0.164	0.242	3	...
7310	0.085	0.165	0.25	3	...
7311	0.095	0.145	0.241	3	...
7312	0.065	0.105	0.169	3	...
7313	0.081	0.094	0.176	3	...
7314	0.04	0.107	0.147	3	...
7315	0.064	0.087	0.152	2	...
7316	0.07	0.076	0.146	2	...
7317	0.054	0.146	0.199	2	...
7318	0.397	0.226	0.623	2	...
7319	0.067	0.071	0.138	2	...
7320	0.037	0.083	0.12	2	...
7321	0.064	0.139	0.202	2	...
7322	0.057	0.141	0.199	2	...
7323	0.081	0.096	0.177	2	...
7324	0.082	0.114	0.195	2	...
7325	0.066	0.132	0.199	2	...
7326	0.112	0.09	0.203	2	...
7327	0.075	0.146	0.221	2	...
7328	0.129	0.139	0.268	2	...
7329	0.054	0.079	0.133	2	...
7330	0.064	0.13	0.193	2	...
7331	0.06	0.126	0.187	2	...
7332	0.088	0.132	0.22	2	...
7333	0.072	0.206	0.278	2	...
7334	0.06	0.106	0.166	2	...
7335	0.051	0.093	0.145	2	...
7336	0.069	0.1	0.169	2	...
7337	0.072	0.073	0.146	2	...
7338	0.057	0.055	0.112	2	...
7339	0.061	0.064	0.125	2	...
7340	0.066	0.105	0.172	2	...
7341	0.111	0.103	0.214	2	...
7342	0.067	0.154	0.221	2	...
7343	0.063	0.151	0.214	2	...
7344	0.069	0.126	0.196	2	...
7345	0.048	0.067	0.115	2	...
7346	0.063	0.102	0.166	2	...
7347	0.048	0.132	0.181	2	...
7348	0.048	0.111	0.159	2	...
7349	0.066	0.124	0.19	2	...
7350	0.069	0.139	0.208	2	...
7351	0.06	0.103	0.163	2	...
7352	0.075	0.09	0.166	2	...
7353	0.159	0.24	0.4	2	...
7354	0.075	0.12	0.196	2	...
7355	0.091	0.095	0.187	2	...
7356	0.075	0.153	0.229	2	...
7357	0.057	0.073	0.13	2	...
7358	0.057	0.108	0.165	2	...
7359	0.072	0.105	0.177	2	...
7360	0.075	0.121	0.197	2	...
7361	0.06	0.13	0.19	2	...
7362	0.072	0.141	0.213	2	...
7363	0.038	0.075	0.112	2	...
7364	0.041	0.083	0.124	2	...
7365	0.069	0.09	0.16	2	...
7366	0.057	0.047	0.103	2	...
7367	0.038	0.054	0.091	2	...
7368	0.063	0.09	0.154	2	...
7369	0.049	0.109	0.157	2	...
7370	0.054	0.084	0.139	2	...
7371	0.042	0.072	0.114	2	...
7372	0.052	0.069	0.121	2	...
7373	0.054	0.111	0.166	2	...
7374	0.118	0.132	0.25	2	...
7375	0.093	0.166	0.258	2	...
7376	0.051	0.103	0.154	2	...
7377	0.072	0.132	0.205	2	...
7378	0.075	0.15	0.226	2	...
7379	0.048	0.174	0.222	2	...
7380	0.075	0.186	0.262	2	...
7381	0.063	0.12	0.183	2	...
7382	0.075	0.105	0.181	2	...
7383	0.066	0.072	0.127	2	...
7384	0.039	0.071	0.11	2	...
7385	0.105	0.162	0.267	2	...
7386	0.382	0.258	0.64	2	...
7387	0.237	0.15	0.387	2	...
7388	0.06	0.163	0.223	2	...
7389	0.072	0.121	0.194	2	...
7390	0.096	0.157	0.252	2	...
7391	0.072	0.096	0.167	2	...
7392	0.044	0.062	0.105	2	...
7393	0.058	0.088	0.147	2	...
7394	0.102	0.099	0.2	2	...
7395	0.063	0.087	0.149	2	...
7396	0.066	0.117	0.183	2	...
7397	0.069	0.072	0.141	2	...
7398	0.041	0.055	0.096	2	...
7399	0.048	0.068	0.117	2	...
7400	0.045	0.09	0.135	2	...
7401	0.043	0.065	0.108	2	...
7402	0.051	0.102	0.153	2	...
7403	0.048	0.105	0.153	2	...
7404	0.075	0.12	0.195	2	...
7405	0.065	0.082	0.147	2	...
7406	0.083	0.278	0.135	2	...
7407	0.072	0.15	0.221	2	...
7408	0.114	0.13	0.243	2	...
7409	0.049	0.045	0.094	2	...
7410	0.063	0.164	0.227	2	...
7411	0.048	0.113	0.162	2	...
7412	0.072	0.137	0.209	2	...
7413	0.119	0.075	0.194	2	...
7414	0.045	0.036	0.081	2	...
7415	0.035	0.087	0.123	2	...
7416	0.05	0.096	0.146	2	...
7417	0.072	0.113	0.185	2	...
7418	0.06	0.128	0.188	2	...
7419	0.236	0.22	0.456	2	...
7420	0.056	0.113	0.17	2	...
7421	0.071	0.037	0.109	2	...
7422	0.064	0.06	0.124	2	...
7423	0.063	0.119	0.182	2	...
7424	0.057	0.095	0.152	2	...
7425	0.061	0.07	0.131	2	...
7426	0.065	0.167	0.232	2	...
7427	0.126	0.17	0.295	2	...
7428	0.101	0.13	0.23	2	...
7429	0.049	0.08	0.128	2	...
7430	0.06	0.119	0.179	2	...
7431	0.08	0.122	0.202	2	...
7432	0.101	0.164	0.266	2	...
7433	0.074	0.147	0.22	2	...
7434	0.087	0.08	0.167	2	...
7435	0.068	0.089	0.157	2	...
7436	0.045	0.104	0.148	2	...
7437	0.144	0.169	0.313	2	...
7438	0.137	0.113	0.25	2	...
7439	0.045	0.086	0.131	2	...
7440	0.083	0.153	0.236	2	...
7441	0.063	0.102	0.164	2	...
7442	0.06	0.089	0.149	2	...
7443	0.045	0.113	0.158	2	...
7444	0.066	0.104	0.17	2	...
7445	0.065	0.101	0.167	2	...
7446	0.087	0.117	0.203	2	...
7447	0.063	0.113	0.176	2	...
7448	0.05	0.075	0.125	2	...
7449	0.063	0.104	0.167	2	...
7450	0.072	0.14	0.211	2	...
7451	0.06	0.119	0.178	2	...
7452	0.09	0.134	0.224	2	...
7453	0.054	0.095	0.149	2	...
7454	0.119	0.143	0.262	2	...
7455	0.063	0.078	0.14	2	...
7456	0.066	0.102	0.167	2	...
7457	0.074	0.113	0.188	2	...
7458	0.069	0.116	0.185	2	...
7459	0.054	0.08	0.134	2	...
7460	0.056	0.068	0.124	2	...
7461	0.056	0.124	0.181	2	...
7462	0.072	0.101	0.173	2	...
7463	0.063	0.102	0.164	2	...
7464	0.063	0.075	0.138	2	...
7465	0.057	0.131	0.188	2	...
7466	0.063	0.119	0.182	2	...
7467	0.068	0.095	0.163	2	...
7468	0.068	0.098	0.166	2	...
7469	0.131	0.137	0.268	2	...
7470	0.065	0.166	0.231	2	...
7471	0.068	0.142	0.212	2	...
7472	0.14	0.2	0.341	2	...
7473	0.069	0.072	0.141	2	...
7474	0.066	0.119	0.185	2	...
7475	0.073	0.17	0.242	1	...
7476	0.212	0.218	0.43	1	...
7477	0.06	0.085	0.145	1	...
7478	0.066	0.097	0.163	1	...
7479	0.05	0.056	0.106	2	C2R
7480	0.037	0.072	0.109	2	...
7481	0.058	0.083	0.141	2	...
7482	0.071	0.134	0.204	2	...
7483	0.12	0.117	0.237	2	...
7484	0.078	0.153	0.231	2	...
7485	0.069	0.104	0.172	2	...
7486	0.052	0.1	0.151	2	...
7487	0.048	0.126	0.175	2	...
7488	0.092	0.135	0.227	2	...
7489	0.057	0.078	0.136	2	...
7490	0.062	0.113	0.175	2	...
7491	0.066	0.097	0.163	2	...
7492	0.063	0.082	0.145	2	...
7493	0.064	0.102	0.167	2	...
7494	0.084	0.109	0.192	2	...
7495	0.06	0.118	0.178	2	...
7496	0.045	0.1	0.145	2	...
7497	0.038	0.073	0.112	2	...
7498	0.081	0.141	0.222	2	...
7499	0.052	0.065	0.116	2	...
7500	0.038	0.046	0.083	2	...
7501	0.054	0.107	0.16	2	...
7502	0.068	0.06	0.128	2	...
7503	0.054	0.138	0.192	2	...
7504	0.075	0.109	0.183	2	...
7505	0.056	0.09	0.146	2	...
7506	0.045	0.099	0.144	2	...
7507	0.057	0.104	0.162	2	...
7508	0.067	0.093	0.16	2	...
7509	0.061	0.073	0.134	2	...
7510	0.06	0.063	0.123	2	...
7511	0.079	0.12	0.199	2	...
7512	0.102	0.146	0.248	2	...
7513	0.076	0.116	0.192	2	...
7514	0.057	0.108	0.165	2	...
7515	0.039	0.081	0.121	2	...
7516	0.046	0.072	0.117	2	...
7517	0.063	0.111	0.174	2	...
7518	0.049	0.152	0.201	2	...
7519	0.059	0.071	0.13	2	...
7520	0.045	0.096	0.141	2	...
7521	0.104	0.086	0.19	2	...
7522	0.042	0.068	0.109	2	...
7523	0.052	0.142	0.194	2	...
7524	0.102	0.077	0.178	2	...
7525	0.051	0.129	0.18	2	...
7526	0.071	0.093	0.164	2	...
7527	0.051	0.065	0.117	2	...
7528	0.072	0.141	0.213	2	...
7529	0.043	0.164	0.207	2	...
7530	0.057	0.105	0.162	2	...
7531	0.068	0.133	0.201	2	...
7532	0.047	0.11	0.157	2	...
7533	0.074	0.182	0.256	2	...
7534	0.096	0.177	0.273	2	...
7535	0.053	0.155	0.208	2	...
7536	0.069	0.184	0.253	2	...
7537	0.11	0.176	0.286	2	...
7538	0.06	0.148	0.208	2	...
7539	0.066	0.098	0.164	2	...
7540	0.065	0.194	0.259	2	...
7541	0.097	0.224	0.32	2	...
7542	0.12	0.16	0.28	2	...
7543	0.06	0.103	0.164	2	...
7544	0.051	0.134	0.185	2	...
7545	0.102	0.153	0.255	2	...
7546	0.087	0.153	0.239	2	...
7547	0.097	0.102	0.199	2	...
7548	0.064	0.083	0.147	2	...
7549	0.06	0.135	0.196	2	...
7550	0.171	0.183	0.355	2	...
7551	0.094	0.118	0.212	2	...
7552	0.077	0.169	0.246	2	...
7553	0.064	0.19	0.254	2	...
7554	0.067	0.138	0.204	2	...
7555	0.061	0.13	0.191	2	...
7556	0.053	0.121	0.173	2	...
7557	0.063	0.102	0.166	2	...
7558	0.042	0.1	0.142	2	...
7559	0.079	0.188	0.267	2	...
7560	0.074	0.202	0.276	2	...
7561	0.068	0.16	0.228	2	...
7562	0.1	0.183	0.282	2	...
7563	0.083	0.158	0.241	2	...
7564	0.081	0.12	0.201	2	...
7565	0.1	0.107	0.207	2	...
7566	0.097	0.136	0.233	2	...
7567	0.085	0.132	0.216	2	...
7568	0.09	0.106	0.196	2	...
7569	0.072	0.113	0.185	2	...
7570	0.091	0.144	0.236	2	...
7571	0.083	0.13	0.212	2	...
7572	0.079	0.135	0.215	2	...
7573	0.112	0.109	0.221	2	...
7574	0.072	0.105	0.176	2	...
7575	0.06	0.146	0.206	2	...
7576	0.068	0.111	0.179	2	...
7577	0.067	0.164	0.231	2	...
7578	0.135	0.177	0.312	2	...
7579	0.061	0.12	0.181	2	...
7580	0.041	0.153	0.194	2	...
7581	0.057	0.148	0.205	2	...
7582	0.062	0.137	0.199	2	...
7583	0.09	0.132	0.221	2	...
7584	0.083	0.169	0.252	2	...
7585	0.08	0.118	0.199	2	...
7586	0.088	0.153	0.241	2	...
7587	0.063	0.124	0.187	2	...
7588	0.075	0.097	0.173	2	...
7589	0.197	0.159	0.355	2	...
7590	0.067	0.103	0.17	2	...
7591	0.089	0.116	0.204	2	...
7592	0.097	0.137	0.234	2	...
7593	0.091	0.144	0.235	2	...
7594	0.072	0.178	0.25	2	...
7595	0.132	0.154	0.287	2	...
7596	0.086	0.14	0.226	2	...
7597	0.074	0.159	0.233	2	...
7598	0.08	0.174	0.253	2	...
7599	0.151	0.132	0.283	2	...
7600	0.058	0.12	0.18	2	...
7601	0.091	0.129	0.22	2	...
7602	0.068	0.21	0.278	2	...
7603	0.113	0.207	0.319	2	...
7604	0.134	0.195	0.328	2	...
7605	0.653	0.305	0.958	1	...
7606	0.05	0.163	0.213	1	...
7607	0.138	0.231	0.369	1	...
7608	0.17	0.103	0.273	1	...
7609	0.064	0.089	0.153	1	...
7610	0.064	0.138	0.202	1	...
7611	0.039	0.206	0.245	1	...
7612	0.227	0.245	0.472	1	...
7613	0.17	0.209	0.38	1	...
7614	0.323	0.302	0.625	1	...
7615	0.099	0.174	0.273	1	...
7616	0.071	0.188	0.259	1	...
7617	0.103	0.178	0.28	1	...
7618	0.227	0.153	0.38	1	...
7619	0.224	0.149	0.373	1	...
7620	0.05	0.167	0.217	1	...
7621	0.203	0.273	0.476	2	C3L
7622	0.187	0.134	0.322	2	...
7623	0.111	0.125	0.235	2	...
7624	0.098	0.147	0.245	2	...
7625	0.199	0.179	0.378	2	...
7626	0.137	0.204	0.341	2	...
7627	0.113	0.142	0.255	2	...
7628	0.137	0.126	0.262	2	...
7629	0.084	0.123	0.206	2	...
7630	0.115	0.135	0.25	2	...
7631	0.102	0.09	0.192	2	...
7632	0.08	0.146	0.227	2	...
7633	0.117	0.161	0.279	2	...
7634	0.07	0.121	0.192	2	...
7635	0.12	0.139	0.259	2	...
7636	0.059	0.146	0.205	2	...
7637	0.139	0.16	0.299	2	...
7638	0.139	0.206	0.345	2	...
7639	0.248	0.223	0.471	2	...
7640	0.067	0.136	0.203	2	...
7641	0.26	0.218	0.479	2	...
7642	0.339	0.213	0.552	2	...
7643	0.2	0.213	0.413	2	...
7644	0.123	0.177	0.299	2	...
7645	0.157	0.206	0.363	2	...
7646	0.197	0.241	0.438	2	...
7647	0.196	0.171	0.366	2	...
7648	0.115	0.136	0.25	2	...
7649	0.067	0.181	0.248	2	...
7650	0.345	0.158	0.503	2	...
7651	0.174	0.127	0.3	2	...
7652	0.108	0.139	0.246	2	...
7653	0.144	0.167	0.312	2	...
7654	0.163	0.178	0.342	2	...
7655	0.106	0.128	0.235	2	...
7656	0.062	0.096	0.158	2	...
7657	0.109	0.212	0.322	2	...
7658	0.131	0.183	0.314	2	...
7659	0.073	0.133	0.206	2	...
7660	0.076	0.157	0.234	2	...
7661	0.389	0.17	0.559	2	...
7662	0.206	0.208	0.415	2	...
7663	0.19	0.075	0.266	2	...
7664	0.104	0.134	0.239	2	...
7665	0.159	0.145	0.304	2	...
7666	0.25	0.219	0.469	2	...
7667	0.281	0.269	0.55	2	...
7668	0.294	0.213	0.508	2	...
7669	0.449	0.277	0.726	2	...
7670	0.391	0.208	0.599	2	...
7671	0.141	0.124	0.266	2	...
7672	0.189	0.228	0.419	2	...
7673	0.361	0.287	0.648	2	...
7674	0.118	0.148	0.266	2	...
7675	0.085	0.17	0.256	2	...
7676	0.146	0.135	0.281	2	...
7677	0.148	0.193	0.341	2	...
7678	0.1	0.185	0.284	2	...
7679	0.099	0.181	0.28	2	...
7680	0.16	0.153	0.312	2	...
7681	0.284	0.216	0.5	2	...
7682	0.105	0.153	0.257	2	...
7683	0.196	0.15	0.346	2	...
7684	0.085	0.091	0.176	2	...
7685	0.335	0.242	0.576	2	...
7686	0.08	0.129	0.21	2	...
7687	0.122	0.175	0.297	2	...
7688	0.168	0.112	0.28	2	...
7689	0.071	0.09	0.161	2	...
7690	0.493	0.272	0.766	2	...
7691	0.357	0.316	0.673	2	...
7692	0.227	0.231	0.458	2	...
7693	0.215	0.231	0.445	1	...
7694	0.175	0.271	0.446	1	...
7695	0.08	0.112	0.191	1	...
7696	0.191	0.159	0.351	1	...
7697	0.12	0.263	0.382	1	...
7698	0.143	0.223	0.367	1	...
7699	0.127	0.239	0.367	1	...
7700	0.319	0.151	0.47	1	...
7701	0.104	0.151	0.255	1	...
7702	0.064	0.143	0.207	1	...
7703	0.096	0.167	0.263	1	...
7704	0.199	0.231	0.43	1	...
7705	0.143	0.231	0.374	1	...
7706	0.088	0.175	0.263	1	...
7707	0.167	0.198	0.365	1	...
7708	0.159	0.151	0.31	1	...
7709	0.103	0.175	0.278	1	...
7710	0.127	0.151	0.278	1	...
7711	0.079	0.095	0.175	1	...
7712	0.214	0.135	0.349	1	...
7713	0.344	0.1	0.444	1	...
7714	0.073	0.15	0.223	1	...
7715	0.246	0.183	0.429	1	...
7716	0.183	0.254	0.437	1	...
7717	0.135	0.159	0.294	1	...
7718	0.238	0.135	0.373	1	...
7719	0.372	0.182	0.553	1	...
7720	0.071	0.15	0.221	1	...
7721	0.079	0.134	0.213	1	...
7722	0.221	0.198	0.419	1	...
7723	0.134	0.182	0.316	1	...
7724	0.332	0.229	0.561	1	...
7725	0.19	0.174	0.364	1	...
7726	0.126	0.079	0.206	1	...
7727	0.103	0.142	0.245	1	...
7728	0.079	0.119	0.198	1	...
7729	0.174	0.166	0.34	1	...
7730	0.119	0.15	0.269	1	...
7731	0.151	0.238	0.389	1	...
7732	0.127	0.127	0.254	1	...
7733	0.079	0.119	0.198	1	...
7734	0.198	0.214	0.413	1	...
7735	0.151	0.111	0.262	1	...
7736	0.127	0.167	0.294	1	...
7737	0.071	0.151	0.222	1	...
7738	0.175	0.198	0.373	1	...
7739	0.286	0.262	0.548	1	...
7740	0.119	0.206	0.325	1	...
7741	0.103	0.167	0.27	1	...
7742	0.175	0.214	0.389	1	...
7743	0.386	0.252	0.638	1	...
7744	0.126	0.173	0.299	1	...
7745	0.339	0.173	0.512	1	...
7746	0.269	0.306	0.575	2	D1
7747	0.127	0.144	0.271	2	...
7748	0.1	0.176	0.275	2	...
7749	0.179	0.153	0.331	2	...
7750	0.063	0.124	0.187	2	...
7751	0.156	0.16	0.315	2	...
7752	0.143	0.139	0.283	2	...
7753	0.123	0.152	0.275	2	...
7754	0.095	0.123	0.219	2	...
7755	0.047	0.064	0.111	2	...
7756	0.095	0.075	0.171	2	...
7757	0.1	0.144	0.242	2	...
7758	0.342	0.22	0.562	2	...
7759	0.27	0.227	0.498	2	...
7760	0.123	0.103	0.227	2	...
7761	0.204	0.168	0.371	2	...
7762	0.123	0.072	0.195	2	...
7763	0.163	0.112	0.275	2	...
7764	0.164	0.16	0.323	2	...
7765	0.133	0.17	0.303	2	...
7766	0.26	0.188	0.448	2	...
7767	0.185	0.136	0.321	2	...
7768	0.136	0.196	0.332	2	...
7769	0.141	0.141	0.28	2	...
7770	0.188	0.2	0.387	2	...
7771	0.2	0.212	0.413	2	...
7772	0.236	0.136	0.371	2	...
7773	0.108	0.116	0.224	2	...
7774	0.075	0.124	0.199	2	...
7775	0.183	0.156	0.339	2	...
7776	0.156	0.204	0.359	2	...
7777	0.167	0.184	0.351	2	...
7778	0.187	0.183	0.37	2	...
7779	0.144	0.195	0.338	2	...
7780	0.12	0.152	0.271	2	...
7781	0.135	0.215	0.35	2	...
7782	0.111	0.16	0.271	2	...
7783	0.199	0.163	0.361	2	...
7784	0.171	0.199	0.371	2	...
7785	0.215	0.168	0.383	2	...
7786	0.155	0.172	0.327	2	...
7787	0.399	0.219	0.618	2	...
7788	0.153	0.193	0.345	2	...
7789	0.076	0.148	0.225	2	...
7790	0.285	0.201	0.486	2	...
7791	0.405	0.253	0.659	2	...
7792	0.229	0.185	0.414	2	...
7793	0.252	0.197	0.45	2	...
7794	0.338	0.185	0.523	1	...
7795	0.089	0.137	0.225	1	...
7796	0.145	0.161	0.306	1	...
7797	0.29	0.217	0.507	1	...
7798	0.209	0.201	0.41	1	...
7799	0.233	0.185	0.419	1	...
7800	0.37	0.177	0.547	1	...
7801	0.169	0.209	0.378	1	...
7802	0.064	0.193	0.258	1	...
7803	0.193	0.29	0.483	1	...
7804	0.129	0.177	0.305	1	...
7805	0.088	0.217	0.305	1	...
7806	0.161	0.153	0.313	1	...
7807	0.33	0.088	0.418	1	...
7808	0.233	0.137	0.369	1	...
7809	0.129	0.201	0.329	1	...
7810	0.088	0.305	0.394	1	...
7811	0.08	0.209	0.289	1	...
7812	0.137	0.273	0.41	1	...
7813	0.137	0.361	0.498	1	...
7814	0.056	0.112	0.169	1	...
7815	0.257	0.201	0.458	1	...
7816	0.402	0.201	0.602	1	...
7817	0.088	0.08	0.169	1	...
7818	0.08	0.169	0.249	1	...
7819	0.08	0.096	0.177	1	...
7820	0.177	0.281	0.458	1	...
7821	0.153	0.225	0.378	1	...
7822	0.386	0.233	0.618	1	...
7823	0.177	0.201	0.378	1	...
7824	0.265	0.201	0.466	1	...
7825	0.185	0.193	0.378	1	...
7826	0.444	0.286	0.73	1	...
7827	0.135	0.151	0.286	1	...
7828	0.119	0.143	0.262	1	...
7829	0.143	0.206	0.349	1	...
7830	0.175	0.159	0.333	1	...
7831	0.111	0.183	0.294	1	...
7832	0.23	0.206	0.437	1	...
7833	0.262	0.286	0.548	1	...
7834	0.119	0.175	0.294	1	...
7835	0.095	0.222	0.317	1	...
7836	0.119	0.287	0.406	1	...
7837	0.232	0.184	0.417	1	...
7838	0.2	0.24	0.441	1	...
7839	0.257	0.176	0.433	1	...
7840	0.168	0.192	0.361	1	...
7841	0.12	0.192	0.313	1	...
7842	0.128	0.104	0.232	1	...
7843	0.152	0.184	0.337	1	...
7844	0.168	0.168	0.337	1	...
7845	0.168	0.152	0.321	1	...
7846	0.248	0.248	0.497	1	...
7847	0.23	0.159	0.389	1	...
7848	0.159	0.143	0.302	1	...
7849	0.087	0.135	0.222	1	...
7850	0.127	0.095	0.222	1	...
7851	0.095	0.127	0.222	1	...
7852	0.204	0.204	0.407	2	D2
7853	0.104	0.22	0.324	2	...
7854	0.156	0.152	0.308	2	...
7855	0.144	0.188	0.332	2	...
7856	0.176	0.164	0.34	2	...
7857	0.076	0.16	0.236	2	...
7858	0.14	0.305	0.445	2	...
7859	0.1	0.171	0.271	2	...
7860	0.192	0.216	0.409	2	...
7861	0.132	0.241	0.373	2	...
7862	0.076	0.192	0.269	2	...
7863	0.164	0.289	0.452	2	...
7864	0.212	0.176	0.387	2	...
7865	0.06	0.104	0.164	2	...
7866	0.088	0.135	0.224	2	...
7867	0.12	0.172	0.292	2	...
7868	0.123	0.196	0.32	2	...
7869	0.145	0.134	0.28	2	...
7870	0.094	0.067	0.16	2	...
7871	0.08	0.196	0.276	2	...
7872	0.176	0.16	0.336	2	...
7873	0.064	0.14	0.204	2	...
7874	0.108	0.18	0.288	2	...
7875	0.096	0.116	0.212	2	...
7876	0.068	0.183	0.252	2	...
7877	0.076	0.252	0.328	2	...
7878	0.24	0.164	0.404	2	...
7879	0.076	0.124	0.199	2	...
7880	0.072	0.068	0.139	2	...
7881	0.072	0.12	0.192	2	...
7882	0.088	0.096	0.183	2	...
7883	0.1	0.096	0.196	2	...
7884	0.068	0.171	0.24	2	...
7885	0.414	0.267	0.681	2	...
7886	0.359	0.191	0.55	2	...
7887	0.1	0.12	0.219	2	...
7888	0.219	0.207	0.426	2	...
7889	0.12	0.132	0.251	2	...
7890	0.091	0.12	0.211	2	...
7891	0.079	0.163	0.243	2	...
7892	0.203	0.139	0.342	2	...
7893	0.116	0.183	0.299	2	...
7894	0.083	0.147	0.231	2	...
7895	0.072	0.132	0.203	2	...
7896	0.068	0.112	0.179	2	...
7897	0.067	0.075	0.144	2	...
7898	0.104	0.127	0.23	2	...
7899	0.106	0.159	0.265	2	...
7900	0.086	0.103	0.188	2	...
7901	0.097	0.09	0.188	2	...
7902	0.095	0.162	0.257	2	...
7903	0.255	0.139	0.394	2	...
7904	0.164	0.211	0.374	2	...
7905	0.105	0.139	0.244	2	...
7906	0.082	0.134	0.217	2	...
7907	0.127	0.167	0.294	2	...
7908	0.127	0.204	0.331	2	...
7909	0.127	0.187	0.315	2	...
7910	0.155	0.139	0.294	2	...
7911	0.255	0.223	0.478	2	...
7912	0.064	0.151	0.215	2	...
7913	0.06	0.108	0.167	2	...
7914	0.06	0.091	0.151	2	...
7915	0.163	0.151	0.314	2	...
7916	0.238	0.203	0.442	2	...
7917	0.116	0.223	0.338	2	...
7918	0.255	0.163	0.418	2	...
7919	0.131	0.111	0.243	2	...
7920	0.127	0.131	0.258	2	...
7921	0.111	0.143	0.254	2	...
7922	0.191	0.179	0.369	2	...
7923	0.124	0.179	0.302	2	...
7924	0.155	0.124	0.278	2	...
7925	0.766	0.12	0.886	1	...
7926	0.176	0.184	0.359	1	...
7927	0.16	0.168	0.327	1	...
7928	0.072	0.176	0.248	1	...
7929	0.088	0.096	0.184	1	...
7930	0.192	0.128	0.319	1	...
7931	0.503	0.16	0.663	1	...
7932	0.117	0.225	0.343	2	D3
7933	0.181	0.154	0.335	2	...
7934	0.398	0.183	0.581	2	...
7935	0.115	0.176	0.291	2	...
7936	0.106	0.108	0.214	2	...
7937	0.137	0.132	0.267	2	...
7938	0.282	0.145	0.427	2	...
7939	0.169	0.125	0.294	2	...
7940	0.151	0.157	0.308	2	...
7941	0.214	0.188	0.402	2	...
7942	0.155	0.152	0.307	2	...
7943	0.116	0.159	0.275	2	...
7944	0.274	0.192	0.465	2	...
7945	0.384	0.326	0.711	2	...
7946	0.096	0.125	0.221	2	...
7947	0.299	0.175	0.474	2	...
7948	0.25	0.12	0.369	2	...
7949	0.145	0.171	0.315	2	...
7950	0.164	0.191	0.354	2	...
7951	0.176	0.095	0.271	2	...
7952	0.084	0.108	0.193	2	...
7953	0.273	0.16	0.433	2	...
7954	0.104	0.167	0.271	2	...
7955	0.172	0.148	0.32	2	...
7956	0.148	0.155	0.303	2	...
7957	0.094	0.135	0.229	2	...
7958	0.214	0.207	0.421	2	...
7959	0.164	0.141	0.304	2	...
7960	0.204	0.159	0.363	2	...
7961	0.104	0.06	0.164	2	...
7962	0.058	0.101	0.16	2	...
7963	0.097	0.191	0.288	2	...
7964	0.261	0.194	0.455	2	...
7965	0.424	0.22	0.645	2	...
7966	0.177	0.096	0.273	2	...
7967	0.164	0.183	0.347	2	...
7968	0.186	0.247	0.433	2	...
7969	0.225	0.172	0.397	2	...
7970	0.231	0.208	0.439	2	...
7971	0.242	0.171	0.413	2	...
7972	0.131	0.209	0.34	2	...
7973	0.16	0.199	0.359	2	...
7974	0.304	0.233	0.537	2	...
7975	0.186	0.19	0.377	2	...
7976	0.125	0.16	0.285	2	...
7977	0.167	0.161	0.327	2	...
7978	0.261	0.175	0.436	2	...
7979	0.137	0.164	0.3	2	...
7980	0.211	0.159	0.37	2	...
7981	0.256	0.188	0.443	2	...
7982	0.292	0.229	0.521	3	E1
7983	0.238	0.153	0.39	3	...
7984	0.126	0.238	0.364	3	...
7985	0.24	0.189	0.429	3	...
7986	0.283	0.175	0.458	3	...
7987	0.088	0.183	0.27	3	...
7988	0.36	0.196	0.555	3	...
7989	0.458	0.205	0.665	3	...
7990	0.177	0.197	0.374	3	...
7991	0.179	0.164	0.344	3	...
7992	0.377	0.165	0.543	3	...
7993	0.291	0.205	0.496	3	...
7994	0.346	0.153	0.499	3	...
7995	0.307	0.211	0.518	3	...
7996	0.237	0.152	0.388	3	...
7997	0.136	0.233	0.369	3	...
7998	0.309	0.182	0.491	3	...
7999	0.169	0.159	0.327	3	...
8000	0.452	0.222	0.675	3	...
8001	0.557	0.288	0.845	3	...
8002	0.316	0.183	0.498	3	...
8003	0.328	0.24	0.568	3	...
8004	0.279	0.202	0.481	3	...
8005	0.948	0.279	1.227	3	...
8006	0.342	0.284	0.626	3	...
8007	0.271	0.383	0.655	2	...
8008	0.518	0.237	0.756	2	...
8009	0.196	0.209	0.405	2	...
8010	0.482	0.357	0.839	2	...
8011	0.391	0.36	0.752	2	...
8012	0.763	0.277	1.041	2	...
8013	0.271	0.312	0.581	2	...
8014	0.4	0.304	0.705	2	...
8015	0.199	0.229	0.427	2	...
8016	0.299	0.112	0.412	2	...
8017	0.071	0.123	0.193	2	...
8018	0.201	0.142	0.345	2	...
8019	0.213	0.246	0.46	2	...
8020	0.712	0.198	0.91	2	...
8021	0.397	0.308	0.706	2	...
8022	0.273	0.345	0.618	2	...
8023	0.692	0.255	0.947	2	...
8024	0.271	0.227	0.498	2	...
8025	0.322	0.251	0.574	2	...
8026	0.66	0.25	0.91	2	...
8027	0.404	0.273	0.677	2	...
8028	0.253	0.19	0.442	2	...
8029	0.252	0.271	0.523	2	...
8030	0.5	0.232	0.732	2	...
8031	0.573	0.207	0.78	3	E2
8032	0.685	0.244	0.929	3	...
8033	0.516	0.279	0.794	3	...
8034	0.306	0.165	0.471	3	...
8035	0.258	0.22	0.479	3	...
8036	0.419	0.381	0.8	3	...
8037	0.177	0.198	0.376	3	...
8038	0.164	0.229	0.393	3	...
8039	0.468	0.346	0.813	3	...
8040	0.313	0.281	0.594	3	...
8041	0.639	0.317	0.956	3	...
8042	0.316	0.203	0.519	3	...
8043	0.35	0.237	0.588	3	...
8044	0.246	0.181	0.427	3	...
8045	0.226	0.183	0.409	3	...
8046	0.256	0.206	0.461	3	...
8047	0.255	0.193	0.448	3	...
8048	0.132	0.203	0.335	3	...
8049	0.191	0.172	0.363	3	...
8050	0.098	0.111	0.209	3	...
8051	0.424	0.259	0.683	3	...
8052	0.863	0.274	1.137	3	...
8053	0.513	0.231	0.744	3	...
8054	0.778	0.222	1	3	...
8055	0.404	0.323	0.727	2	...
8056	1.206	0.28	1.486	2	...
8057	0.684	0.255	0.939	2	...
8058	0.466	0.386	0.852	2	...
8059	0.609	0.292	0.903	2	...
8060	0.155	0.199	0.354	2	...
8061	0.485	0.248	0.734	2	...
8062	0.212	0.261	0.473	2	...
8063	0.492	0.218	0.71	2	...
8064	0.317	0.336	0.654	2	...
8065	0.641	0.249	0.89	2	...
8066	0.131	0.218	0.349	2	...
8067	0.218	0.28	0.498	2	...
8068	0.423	0.329	0.752	2	...
8069	0.447	0.23	0.677	2	...
8070	0.46	0.224	0.683	2	...
8071	0.572	0.211	0.783	2	...
8072	0.584	0.192	0.777	2	...
8073	0.603	0.243	0.845	2	...
8074	0.348	0.341	0.689	2	...
8075	0.379	0.192	0.572	2	...
8076	0.236	0.348	0.584	2	...
8077	0.688	0.403	1.092	2	...
8078	0.322	0.316	0.638	2	...
8079	0.335	0.304	0.638	2	...
8080	0.632	0.254	0.885	2	...
8081	0.347	0.26	0.607	2	...
8082	0.622	0.261	0.883	1	...
8083	0.274	0.236	0.51	1	...
8084	0.46	0.224	0.684	1	...
8085	0.149	0.298	0.448	1	...
8086	0.398	0.174	0.572	1	...
8087	0.753	0.321	1.074	1	...
8088	0.469	0.259	0.728	1	...
8089	0.383	0.259	0.642	1	...
8090	0.363	0.375	0.739	2	E3L
8091	0.192	0.255	0.447	2	...
8092	0.272	0.266	0.537	2	...
8093	0.438	0.269	0.706	2	...
8094	0.359	0.161	0.52	2	...
8095	0.475	0.28	0.755	2	...
8096	0.283	0.304	0.588	2	...
8097	0.858	0.438	1.296	2	...
8098	1.021	0.278	1.299	2	...
8099	1.012	0.364	1.376	2	...
8100	0.771	0.204	0.975	2	...
8101	0.205	0.251	0.456	2	...
8102	0.545	0.359	0.905	2	...
8103	0.321	0.26	0.581	2	...
8104	0.46	0.238	0.699	2	...
8105	0.757	0.196	0.952	2	...
8106	0.118	0.244	0.362	2	...
8107	0.414	0.222	0.636	2	...
8108	0.378	0.269	0.648	2	...
8109	0.345	0.255	0.6	2	...
8110	0.223	0.216	0.439	2	...
8111	0.274	0.419	0.693	2	...
8112	0.254	0.245	0.5	2	...
8113	0.292	0.208	0.5	2	...
8114	0.218	0.363	0.581	2	...
8115	0.605	0.363	0.968	1	...
8116	0.348	0.287	0.635	1	...
8117	0.484	0.393	0.877	1	...
8118	0.953	0.227	1.18	1	...
8119	0.393	0.212	0.605	1	...
8120	0.318	0.363	0.681	1	...
8121	0.287	0.212	0.499	1	...
8122	0.363	0.333	0.696	1	...
8123	0.847	0.287	1.134	1	...
8124	1.482	0.166	1.648	1	...
8125	0.817	0.242	1.059	1	...
8126	1.422	0.212	1.633	1	...
8127	0.348	0.287	0.635	1	...
8128	0.513	0.226	0.74	1	...
8129	0.438	0.242	0.679	1	...
8130	0.528	0.377	0.906	1	...
8131	0.77	0.392	1.162	1	...
8132	1.223	0.287	1.509	1	...
8133	0.649	0.181	0.83	1	...
8134	0.257	0.362	0.619	1	...
8135	0.717	0.446	1.163	2	E4R
8136	1.438	0.252	1.689	2	...
8137	0.994	0.369	1.363	2	...
8138	0.282	0.222	0.503	2	...
8139	1.112	0.281	1.393	2	...
8140	0.681	0.201	0.882	2	...
8141	1.6	0.289	1.89	2	...
8142	0.631	0.245	0.876	2	...
8143	0.703	0.2	0.904	2	...
8144	0.704	0.23	0.934	2	...
8145	0.557	0.251	0.808	2	...
8146	0.579	0.26	0.838	2	...
8147	0.407	0.275	0.681	2	...
8148	0.49	0.185	0.674	2	...
8149	0.282	0.267	0.548	2	...
8150	0.393	0.282	0.674	2	...
8151	0.409	0.215	0.623	2	...
8152	0.35	0.526	0.876	2	...
8153	1.113	0.252	1.365	2	...
8154	0.4	0.23	0.63	2	...
8155	0.914	0.244	1.158	2	...
8156	0.119	0.2	0.319	2	...
8157	0.266	0.185	0.452	2	...
8158	0.454	0.296	0.75	2	...
8159	0.291	0.262	0.553	1	...
8160	0.873	0.276	1.149	1	...
8161	0.305	0.305	0.611	1	...
8162	0.305	0.364	0.669	1	...
8163	0.436	0.204	0.64	1	...
8164	0.524	0.262	0.785	1	...
8165	0.713	0.233	0.945	1	...
8166	0.349	0.247	0.596	1	...
8167	0.475	0.321	0.795	2	E5L
8168	0.554	0.226	0.78	2	...
8169	0.576	0.139	0.715	2	...
8170	0.335	0.321	0.655	2	...
8171	0.713	0.495	1.208	2	...
8172	0.59	0.356	0.946	2	...
8173	0.517	0.248	0.765	2	...
8174	0.48	0.269	0.75	2	...
8175	0.466	0.277	0.743	2	...
8176	0.502	0.197	0.699	2	...
8177	0.363	0.153	0.516	2	...
8178	0.525	0.342	0.867	2	...
8179	1.099	0.299	1.398	2	...
8180	0.415	0.218	0.633	2	...
8181	0.458	0.211	0.669	2	...
8182	0.403	0.272	0.675	3	F1R
8183	0.32	0.194	0.514	3	...
8184	0.655	0.224	0.879	3	...
8185	0.359	0.238	0.597	3	...
8186	0.373	0.242	0.616	3	...
8187	0.335	0.209	0.543	3	...
8188	0.364	0.145	0.509	3	...
8189	0.291	0.141	0.432	3	...
8190	0.635	0.184	0.82	3	...
8191	0.951	0.291	1.242	3	...
8192	0.395	0.173	0.567	3	...
8193	0.391	0.22	0.61	4	E6R
8194	0.455	0.227	0.682	4	...
8195	0.61	0.172	0.782	4	...
8196	0.448	0.169	0.616	4	...
8197	0.345	0.198	0.543	4	...
8198	0.572	0.199	0.77	4	...
8199	0.25	0.271	0.521	4	...
8200	0.488	0.316	0.804	4	...
8201	0.812	0.334	1.145	4	...
8202	0.711	0.235	0.946	4	...
8203	0.48	0.202	0.682	4	...
8204	0.99	0.275	1.264	4	...
8205	0.647	0.24	0.887	3	...
8206	0.531	0.26	0.79	3	...
8207	1.864	0.245	2.109	3	...
8208	0.859	0.343	1.202	3	...
8209	0.701	0.29	0.99	3	...
8210	0.5	0.284	0.784	3	...
8211	0.888	0.265	1.153	3	...
8212	0.339	0.206	0.544	3	...
8213	0.339	0.402	0.741	3	...
8214	0.403	0.215	0.618	3	...
8215	0.525	0.313	0.839	3	...
8216	0.152	0.187	0.339	3	...
8217	0.451	0.216	0.667	3	...
8218	0.29	0.299	0.588	3	...
8219	0.598	0.412	1.01	3	...
8220	0.8	0.426	1.226	3	...
8221	0.505	0.27	0.775	3	...
8222	0.538	0.258	0.796	4	F2R
8223	1.066	0.354	1.419	4	...
8224	0.428	0.306	0.734	4	...
8225	0.582	0.538	1.12	4	...
8226	0.769	0.334	1.103	4	...
8227	1.014	0.218	1.231	4	...
8228	1.072	0.318	1.39	4	...
8229	0.582	0.251	0.833	4	...
8230	1.689	0.657	2.346	4	...
8231	0.306	0.347	0.653	4	...
8232	2.281	0.346	2.626	3	...
8233	0.78	0.582	1.362	3	...
8234	0.711	0.562	1.273	3	...
8235	0.774	0.524	1.298	3	...
8236	1.296	0.356	1.653	3	...
8237	0.73	0.587	1.317	3	...
8238	0.725	0.365	1.09	3	...
8239	1.208	0.453	1.662	3	...
8240	0.8	0.335	1.134	4	F3R
8241	0.651	0.434	1.086	4	...
8242	0.655	0.22	0.874	4	...
8243	0.902	0.509	1.411	3	...
8244	0.961	0.519	1.481	3	...
8245	0.648	0.224	0.872	3	...
8246	0.456	0.486	0.942	2	...
8247	0.979	0.426	1.405	2	...
8248	1.474	0.216	1.69	2	...
8249	0.464	0.43	0.894	3	E7R
8250	0.639	0.405	1.044	3	...
8251	1.259	0.339	1.598	3	...
8252	1.024	0.335	1.359	3	...
8253	1.332	0.22	1.552	3	...
8254	0.898	0.344	1.243	3	...
8255	0.727	0.339	1.067	3	...
8256	0.942	0.344	1.286	3	...
8257	0.553	0.214	0.767	3	...
8258	0.484	0.194	0.677	3	...
8259	0.851	0.3	1.151	3	...
8260	0.504	0.274	0.778	3	...
8261	0.279	0.125	0.404	3	...
8262	0.447	0.184	0.633	3	...
8263	0.211	0.27	0.48	3	...
8264	0.489	0.179	0.669	3	...
8265	0.484	0.175	0.658	3	...
8266	0.509	0.265	0.774	3	...
8267	0.614	0.145	0.759	3	...
8268	1.078	0.24	1.317	3	...
8269	0.673	0.174	0.848	3	...
8270	0.479	0.26	0.738	3	...
8271	0.978	0.349	1.327	3	...
8272	0.758	0.274	1.032	3	...
8273	0.79	0.193	0.982	3	...
8274	1.385	0.241	1.625	2	...
8275	0.624	0.256	0.88	2	...
8276	0.624	0.294	0.918	2	...
8277	0.828	0.313	1.141	3	F4R
8278	0.576	0.323	0.899	3	...
8279	0.645	0.209	0.854	3	...
8280	0.804	0.318	1.121	3	...
8281	0.657	0.463	1.12	4	E8R
8282	0.691	0.477	1.168	4	...
8283	0.727	0.284	1.012	4	...
8284	0.658	0.212	0.87	4	...
8285	0.818	0.538	1.357	4	...
8286	0.613	0.497	1.109	4	...
8287	0.943	0.269	1.211	4	...
8288	0.768	0.432	1.199	4	...
8289	0.793	0.49	1.283	4	...
8290	1.168	0.403	1.571	4	...
8291	0.831	0.281	1.112	4	...
8292	0.824	0.309	1.134	4	...
8293	0.507	0.325	0.831	4	...
8294	0.826	0.404	1.23	4	...
8295	0.639	0.357	0.996	3	...
8296	1.016	0.262	1.278	3	...
8297	0.402	0.258	0.659	3	...
8298	0.604	0.371	0.975	3	...
8299	0.488	0.296	0.784	2	...
8300	0.428	0.304	0.733	2	...
8301	1.553	0.34	1.894	2	...
8302	0.592	0.229	0.822	2	...
8303	0.392	0.236	0.628	2	...
8304	0.591	0.259	0.851	2	...
8305	0.65	0.215	0.866	2	...
8306	0.777	0.266	1.043	2	...
8307	0.521	0.343	0.865	3	F5L
8308	0.64	0.378	1.018	3	...
8309	1.232	0.209	1.44	3	...
8310	0.733	0.2	0.933	3	...
8311	0.963	0.333	1.295	3	...
8312	0.725	0.382	1.107	3	...
8313	0.581	0.421	1.003	3	...
8314	1.322	0.402	1.723	3	...
8315	0.456	0.539	0.994	3	...
8316	1.474	0.346	1.819	2	...
8317	1.304	0.262	1.566	2	...
8318	1.522	0.468	1.99	2	...
8319	0.895	0.354	1.249	2	...
8320	1.416	0.278	1.694	2	...
8321	1.118	0.209	1.328	2	...
8322	0.622	0.546	1.169	1	...
8323	0.956	0.243	1.199	1	...
8324	0.774	0.334	1.108	1	...
8325	0.744	0.744	1.488	1	...
8326	1.366	0.486	1.852	1	...
8327	0.304	0.273	0.577	1	...
8328	0.395	0.258	0.653	1	...
8329	0.349	0.395	0.744	1	...
8330	1.822	0.425	2.247	1	...
8331	0.38	0.228	0.607	1	...
8332	1.561	0.727	2.288	1	...
8333	1.121	0.864	1.985	1	...
8334	0.667	0.606	1.273	1	...
8335	0.826	0.476	1.301	2	F6L
8336	0.798	0.254	1.053	2	...
8337	1.411	0.407	1.818	2	...
8338	1.305	0.554	1.859	2	...
8339	1.075	0.339	1.414	2	...
8340	1.066	0.363	1.428	2	...
8341	1.612	0.493	2.104	2	...
8342	1.242	0.523	1.766	2	...
8343	1.591	0.477	2.068	2	...
8344	1.429	0.264	1.693	1	...
8345	1.553	0.155	1.709	1	...
8346	2.066	0.544	2.61	1	...
8347	1.665	0.654	2.319	1	...
8348	2.195	0.84	3.035	1	...
8349	1.354	0.374	1.728	1	...
8350	1.57	0.435	2.005	1	...
8351	1.414	0.404	1.819	1	...
8352	0.995	0.839	1.834	1	...
8353	1.927	0.404	2.332	1	...
8354	1.393	0.186	1.578	1	...
8355	1.919	0.495	2.414	1	...
8356	2.785	1.099	3.884	1	...
8357	2.576	0.698	3.275	1	...
8358	1.397	0.202	1.599	1	...
