 NEVC      Total  5-yr running average
  yr        (cm)
 6946.0     2.754
 6947.0     2.614
 6948.0     2.579
 6949.0     2.532
 6950.0     2.188
 6951.0     2.023
 6952.0     1.592
 6953.0     1.483
 6954.0     1.613
 6955.0     1.617
 6956.0     1.596
 6957.0     1.626
 6958.0     1.528
 6959.0     1.279
 6960.0     1.201
 6961.0     1.038
 6962.0     1.052
 6963.0     1.039
 6964.0      .970
 6965.0     1.119
 6966.0     1.138
 6967.0     1.167
 6968.0     1.301
 6969.0     1.599
 6970.0     1.519
 6971.0     1.700
 6972.0     1.675
 6973.0     1.671
 6974.0     1.487
 6975.0     1.394
 6976.0     1.233
 6977.0     1.213
 6978.0     1.179
 6979.0     1.224
 6980.0     1.256
 6981.0     1.255
 6982.0     1.806
 6983.0     1.931
 6984.0     2.286
 6985.0     2.546
 6986.0     2.808
 6987.0     3.181
 6988.0     3.273
 6989.0     2.821
 6990.0     2.741
 6991.0     2.512
 6992.0     1.683
 6993.0     1.495
 6994.0     1.512
 6995.0     1.372
 6996.0     1.498
 6997.0     1.499
 6998.0     1.443
 6999.0     1.408
 7000.0     1.336
 7001.0     1.220
 7002.0     1.181
 7003.0     1.148
 7004.0     1.114
 7005.0     1.536
 7006.0     1.613
 7007.0     1.677
 7008.0     1.704
 7009.0     1.900
 7010.0     1.412
 7011.0     1.271
 7012.0     1.265
 7013.0     1.211
 7014.0     1.040
 7015.0     1.163
 7016.0     1.140
 7017.0     1.083
 7018.0     1.398
 7019.0     1.554
 7020.0     1.586
 7021.0     1.659
 7022.0     1.652
 7023.0     1.434
 7024.0     1.299
 7025.0     1.226
 7026.0     1.900
 7027.0     1.973
 7028.0     1.989
 7029.0     1.954
 7030.0     1.970
 7031.0     1.285
 7032.0     1.248
 7033.0     1.133
 7034.0     1.377
 7035.0     1.648
 7036.0     1.573
 7037.0     1.590
 7038.0     1.627
 7039.0     1.424
 7040.0     1.082
 7041.0     1.078
 7042.0      .944
 7043.0      .922
 7044.0      .862
 7045.0      .960
 7046.0     1.029
 7047.0     1.041
 7048.0     1.013
 7049.0      .997
 7050.0      .993
 7051.0      .995
 7052.0     1.047
 7053.0     1.025
 7054.0     1.061
 7055.0     1.024
 7056.0      .980
 7057.0      .892
 7058.0     1.042
 7059.0     1.102
 7060.0     1.142
 7061.0     1.247
 7062.0     1.399
 7063.0     1.389
 7064.0     1.322
 7065.0     1.194
 7066.0     1.023
 7067.0      .936
 7068.0      .865
 7069.0      .933
 7070.0      .995
 7071.0     1.013
 7072.0      .962
 7073.0      .981
 7074.0      .875
 7075.0      .876
 7076.0      .918
 7077.0      .968
 7078.0      .931
 7079.0      .960
 7080.0      .979
 7081.0      .976
 7082.0      .949
 7083.0      .940
 7084.0      .901
 7085.0      .960
 7086.0      .948
 7087.0      .982
 7088.0      .967
 7089.0     1.049
 7090.0     1.049
 7091.0     1.152
 7092.0     1.161
 7093.0     1.181
 7094.0     1.142
 7095.0     1.064
 7096.0      .955
 7097.0     1.006
 7098.0      .961
 7099.0     1.027
 7100.0     1.015
 7101.0     1.133
 7102.0     1.091
 7103.0     1.210
 7104.0     1.224
 7105.0     1.191
 7106.0     1.102
 7107.0     1.084
 7108.0     1.088
 7109.0     1.085
 7110.0     1.208
 7111.0     1.359
 7112.0     1.482
 7113.0     1.519
 7114.0     1.492
 7115.0     1.330
 7116.0     1.126
 7117.0     1.071
 7118.0      .902
 7119.0      .775
 7120.0      .820
 7121.0      .854
 7122.0      .817
 7123.0      .909
 7124.0      .992
 7125.0     1.353
 7126.0     1.333
 7127.0     1.242
 7128.0     1.170
 7129.0     1.100
 7130.0      .708
 7131.0      .666
 7132.0      .668
 7133.0      .604
 7134.0      .676
 7135.0      .704
 7136.0      .766
 7137.0      .766
 7138.0      .816
 7139.0      .797
 7140.0      .756
 7141.0      .704
 7142.0      .703
 7143.0      .654
 7144.0      .724
 7145.0      .750
 7146.0      .785
 7147.0      .768
 7148.0      .807
 7149.0      .724
 7150.0      .770
 7151.0      .791
 7152.0      .847
 7153.0      .888
 7154.0      .862
 7155.0      .791
 7156.0      .719
 7157.0      .677
 7158.0      .616
 7159.0      .633
 7160.0      .737
 7161.0      .816
 7162.0      .842
 7163.0      .817
 7164.0      .818
 7165.0      .726
 7166.0      .662
 7167.0      .574
 7168.0      .621
 7169.0      .550
 7170.0      .721
 7171.0      .749
 7172.0      .801
 7173.0      .880
 7174.0      .895
 7175.0      .852
 7176.0      .809
 7177.0      .790
 7178.0      .716
 7179.0      .810
 7180.0      .660
 7181.0      .637
 7182.0      .639
 7183.0      .628
 7184.0      .586
 7185.0      .644
 7186.0      .746
 7187.0      .825
 7188.0      .811
 7189.0      .789
 7190.0      .769
 7191.0      .683
 7192.0      .572
 7193.0      .504
 7194.0      .467
 7195.0      .535
 7196.0      .519
 7197.0      .527
 7198.0     2.159
 7199.0     2.709
 7200.0     2.710
 7201.0     4.031
 7202.0     4.187
 7203.0     2.746
 7204.0     2.371
 7205.0     2.339
 7206.0     1.453
 7207.0     1.497
 7208.0     1.430
 7209.0     1.278
 7210.0     1.296
 7211.0     3.823
 7212.0     4.019
 7213.0     4.159
 7214.0     4.443
 7215.0     4.512
 7216.0     1.878
 7217.0     1.920
 7218.0     2.036
 7219.0     1.994
 7220.0     2.085
 7221.0     1.953
 7222.0     1.696
 7223.0     1.553
 7224.0     1.424
 7225.0     1.337
 7226.0     1.402
 7227.0     1.558
 7228.0     1.626
 7229.0     1.792
 7230.0     1.831
 7231.0     1.770
 7232.0     1.650
 7233.0     1.537
 7234.0     1.473
 7235.0     1.346
 7236.0     1.216
 7237.0     1.227
 7238.0     1.333
 7239.0     1.393
 7240.0     1.570
 7241.0     1.662
 7242.0     1.905
 7243.0     2.018
 7244.0     2.117
 7245.0     2.113
 7246.0     2.186
 7247.0     2.000
 7248.0     1.921
 7249.0     1.732
 7250.0     1.823
 7251.0     1.910
 7252.0     2.029
 7253.0     2.096
 7254.0     2.244
 7255.0     2.244
 7256.0     2.284
 7257.0     2.134
 7258.0     1.999
 7259.0     1.848
 7260.0     1.703
 7261.0     1.592
 7262.0     1.514
 7263.0     1.443
 7264.0     1.344
 7265.0     1.179
 7266.0     1.055
 7267.0     1.113
 7268.0     1.138
 7269.0     1.216
 7270.0     1.439
 7271.0     1.534
 7272.0     1.850
 7273.0     1.910
 7274.0     1.800
 7275.0     1.565
 7276.0     1.361
 7277.0      .863
 7278.0      .676
 7279.0      .642
 7280.0      .658
 7281.0      .669
 7282.0      .694
 7283.0      .658
 7284.0      .705
 7285.0      .664
 7286.0      .640
 7287.0      .698
 7288.0      .725
 7289.0      .639
 7290.0      .862
 7291.0      .940
 7292.0      .902
 7293.0     1.033
 7294.0     1.116
 7295.0      .985
 7296.0      .957
 7297.0      .959
 7298.0      .865
 7299.0      .890
 7300.0      .858
 7301.0      .829
 7302.0     1.118
 7303.0     1.401
 7304.0     1.312
 7305.0     1.350
 7306.0     1.304
 7307.0      .940
 7308.0      .579
 7309.0      .583
 7310.0      .469
 7311.0      .461
 7312.0      .543
 7313.0      .685
 7314.0      .673
 7315.0      .754
 7316.0      .790
 7317.0      .716
 7318.0      .674
 7319.0      .718
 7320.0      .645
 7321.0      .622
 7322.0      .623
 7323.0      .525
 7324.0      .452
 7325.0      .504
 7326.0      .583
 7327.0      .608
 7328.0      .722
 7329.0      .751
 7330.0      .749
 7331.0      .733
 7332.0      .764
 7333.0      .711
 7334.0      .816
 7335.0      .777
 7336.0      .725
 7337.0      .669
 7338.0      .619
 7339.0      .481
 7340.0      .544
 7341.0      .658
 7342.0      .666
 7343.0      .612
 7344.0      .641
 7345.0      .544
 7346.0      .392
 7347.0      .347
 7348.0      .391
 7349.0      .412
 7350.0      .433
 7351.0      .561
 7352.0      .566
 7353.0      .557
 7354.0      .529
 7355.0      .532
 7356.0      .429
 7357.0      .450
 7358.0      .468
 7359.0      .455
 7360.0      .432
 7361.0      .425
 7362.0      .422
 7363.0      .381
 7364.0      .374
 7365.0      .376
 7366.0      .364
 7367.0      .337
 7368.0      .314
 7369.0      .301
 7370.0      .304
 7371.0      .307
 7372.0      .299
 7373.0      .336
 7374.0      .340
 7375.0      .354
 7376.0      .432
 7377.0      .489
 7378.0      .479
 7379.0      .473
 7380.0      .443
 7381.0      .371
 7382.0      .359
 7383.0      .345
 7384.0      .417
 7385.0      .414
 7386.0      .411
 7387.0      .379
 7388.0      .373
 7389.0      .341
 7390.0      .346
 7391.0      .373
 7392.0      .356
 7393.0      .356
 7394.0      .313
 7395.0      .287
 7396.0      .251
 7397.0      .256
 7398.0      .231
 7399.0      .242
 7400.0      .287
 7401.0      .283
 7402.0      .292
 7403.0      .335
 7404.0      .328
 7405.0      .306
 7406.0      .305
 7407.0      .281
 7408.0      .252
 7409.0      .259
 7410.0      .253
 7411.0      .244
 7412.0      .240
 7413.0      .251
 7414.0      .240
 7415.0      .230
 7416.0      .233
 7417.0      .236
 7418.0      .236
 7419.0      .224
 7420.0      .254
 7421.0      .260
 7422.0      .270
 7423.0      .259
 7424.0      .287
 7425.0      .255
 7426.0      .294
 7427.0      .298
 7428.0      .317
 7429.0      .309
 7430.0      .372
 7431.0      .340
 7432.0      .373
 7433.0      .352
 7434.0      .336
 7435.0      .291
 7436.0      .350
 7437.0      .349
 7438.0      .348
 7439.0      .357
 7440.0      .361
 7441.0      .298
 7442.0      .241
 7443.0      .312
 7444.0      .319
 7445.0      .299
 7446.0      .311
 7447.0      .351
 7448.0      .290
 7449.0      .286
 7450.0      .281
 7451.0      .244
 7452.0      .241
 7453.0      .237
 7454.0      .245
 7455.0      .249
 7456.0      .278
 7457.0      .275
 7458.0      .267
 7459.0      .268
 7460.0      .276
 7461.0      .271
 7462.0      .253
 7463.0      .306
 7464.0      .280
 7465.0      .284
 7466.0      .288
 7467.0      .297
 7468.0      .244
 7469.0      .239
 7470.0      .259
 7471.0      .261
 7472.0      .254
 7473.0      .283
 7474.0      .318
 7475.0      .351
 7476.0      .361
 7477.0      .356
 7478.0      .389
 7479.0      .397
 7480.0      .337
 7481.0      .335
 7482.0      .366
 7483.0      .326
 7484.0      .317
 7485.0      .351
 7486.0      .352
 7487.0      .325
 7488.0      .331
 7489.0      .348
 7490.0      .339
 7491.0      .344
 7492.0      .348
 7493.0      .326
 7494.0      .295
 7495.0      .289
 7496.0      .266
 7497.0      .269
 7498.0      .333
 7499.0      .402
 7500.0      .439
 7501.0      .479
 7502.0      .547
 7503.0      .540
 7504.0      .512
 7505.0      .512
 7506.0      .516
 7507.0      .458
 7508.0      .425
 7509.0      .398
 7510.0      .323
 7511.0      .277
 7512.0      .250
 7513.0      .249
 7514.0      .290
 7515.0      .302
 7516.0      .308
 7517.0      .317
 7518.0      .279
 7519.0      .234
 7520.0      .279
 7521.0      .300
 7522.0      .343
 7523.0      .366
 7524.0      .365
 7525.0      .337
 7526.0      .322
 7527.0      .307
 7528.0      .336
 7529.0      .337
 7530.0      .325
 7531.0      .343
 7532.0      .306
 7533.0      .268
 7534.0      .290
 7535.0      .320
 7536.0      .322
 7537.0      .342
 7538.0      .407
 7539.0      .370
 7540.0      .338
 7541.0      .298
 7542.0      .287
 7543.0      .220
 7544.0      .213
 7545.0      .203
 7546.0      .198
 7547.0      .245
 7548.0      .239
 7549.0      .245
 7550.0      .264
 7551.0      .289
 7552.0      .253
 7553.0      .261
 7554.0      .249
 7555.0      .274
 7556.0      .272
 7557.0      .253
 7558.0      .242
 7559.0      .239
 7560.0      .200
 7561.0      .190
 7562.0      .209
 7563.0      .204
 7564.0      .204
 7565.0      .233
 7566.0      .253
 7567.0      .275
 7568.0      .274
 7569.0      .288
 7570.0      .256
 7571.0      .255
 7572.0      .210
 7573.0      .210
 7574.0      .197
 7575.0      .198
 7576.0      .212
 7577.0      .209
 7578.0      .208
 7579.0      .207
 7580.0      .223
 7581.0      .174
 7582.0      .178
 7583.0      .180
 7584.0      .190
 7585.0      .170
 7586.0      .172
 7587.0      .197
 7588.0      .199
 7589.0      .202
 7590.0      .244
 7591.0      .266
 7592.0      .253
 7593.0      .239
 7594.0      .233
 7595.0      .198
 7596.0      .160
 7597.0      .138
 7598.0      .184
 7599.0      .162
 7600.0      .150
 7601.0      .152
 7602.0      .161
 7603.0      .226
 7604.0      .249
 7605.0      .254
 7606.0      .274
 7607.0      .289
 7608.0      .202
 7609.0      .191
 7610.0      .195
 7611.0      .198
 7612.0      .183
 7613.0      .181
 7614.0      .191
 7615.0      .196
 7616.0      .181
 7617.0      .185
 7618.0      .213
 7619.0      .247
 7620.0      .250
 7621.0      .248
 7622.0      .244
 7623.0      .199
 7624.0      .165
 7625.0      .172
 7626.0      .196
 7627.0      .213
 7628.0      .220
 7629.0      .216
 7630.0      .197
 7631.0      .177
 7632.0      .158
 7633.0      .164
 7634.0      .253
 7635.0      .252
 7636.0      .245
 7637.0      .256
 7638.0      .256
 7639.0      .167
 7640.0      .179
 7641.0      .194
 7642.0      .195
 7643.0      .199
 7644.0      .217
 7645.0      .205
 7646.0      .204
 7647.0      .200
 7648.0      .200
 7649.0      .202
 7650.0      .209
 7651.0      .199
 7652.0      .196
 7653.0      .181
 7654.0      .148
 7655.0      .139
 7656.0      .145
 7657.0      .154
 7658.0      .169
 7659.0      .189
 7660.0      .203
 7661.0      .192
 7662.0      .182
 7663.0      .174
 7664.0      .163
 7665.0      .162
 7666.0      .181
 7667.0      .180
 7668.0      .177
 7669.0      .225
 7670.0      .227
 7671.0      .222
 7672.0      .236
 7673.0      .228
 7674.0      .181
 7675.0      .178
 7676.0      .180
 7677.0      .172
 7678.0      .188
 7679.0      .178
 7680.0      .167
 7681.0      .160
 7682.0      .142
 7683.0      .118
 7684.0      .126
 7685.0      .133
 7686.0      .129
 7687.0      .131
 7688.0      .137
 7689.0      .139
 7690.0      .158
 7691.0      .182
 7692.0      .190
 7693.0      .207
 7694.0      .219
 7695.0      .213
 7696.0      .214
 7697.0      .220
 7698.0      .215
 7699.0      .195
 7700.0      .173
 7701.0      .174
 7702.0      .265
 7703.0      .306
 7704.0      .325
 7705.0      .342
 7706.0      .339
 7707.0      .245
 7708.0      .188
 7709.0      .173
 7710.0      .174
 7711.0      .154
 7712.0      .157
 7713.0      .164
 7714.0      .154
 7715.0      .137
 7716.0      .134
 7717.0      .119
 7718.0      .122
 7719.0      .133
 7720.0      .149
 7721.0      .151
 7722.0      .157
 7723.0      .170
 7724.0      .188
 7725.0      .168
 7726.0      .184
 7727.0      .189
 7728.0      .187
 7729.0      .177
 7730.0      .175
 7731.0      .154
 7732.0      .151
 7733.0      .146
 7734.0      .145
 7735.0      .220
 7736.0      .229
 7737.0      .222
 7738.0      .209
 7739.0      .208
 7740.0      .147
 7741.0      .140
 7742.0      .164
 7743.0      .198
 7744.0      .208
 7745.0      .203
 7746.0      .213
 7747.0      .207
 7748.0      .201
 7749.0      .199
 7750.0      .207
 7751.0      .202
 7752.0      .192
 7753.0      .201
 7754.0      .207
 7755.0      .200
 7756.0      .216
 7757.0      .219
 7758.0      .186
 7759.0      .168
 7760.0      .175
 7761.0      .162
 7762.0      .169
 7763.0      .175
 7764.0      .168
 7765.0      .168
 7766.0      .176
 7767.0      .171
 7768.0      .181
 7769.0      .186
 7770.0      .205
 7771.0      .191
 7772.0      .188
 7773.0      .181
 7774.0      .188
 7775.0      .163
 7776.0      .160
 7777.0      .162
 7778.0      .159
 7779.0      .155
 7780.0      .156
 7781.0      .169
 7782.0      .169
 7783.0      .167
 7784.0      .167
 7785.0      .193
 7786.0      .202
 7787.0      .208
 7788.0      .244
 7789.0      .239
 7790.0      .222
 7791.0      .224
 7792.0      .268
 7793.0      .229
 7794.0      .233
 7795.0      .217
 7796.0      .191
 7797.0      .133
 7798.0      .145
 7799.0      .159
 7800.0      .184
 7801.0      .197
 7802.0      .199
 7803.0      .193
 7804.0      .191
 7805.0      .172
 7806.0      .173
 7807.0      .175
 7808.0      .169
 7809.0      .157
 7810.0      .168
 7811.0      .169
 7812.0      .165
 7813.0      .159
 7814.0      .170
 7815.0      .155
 7816.0      .136
 7817.0      .139
 7818.0      .142
 7819.0      .136
 7820.0      .149
 7821.0      .162
 7822.0      .159
 7823.0      .165
 7824.0      .159
 7825.0      .149
 7826.0      .145
 7827.0      .156
 7828.0      .173
 7829.0      .179
 7830.0      .185
 7831.0      .185
 7832.0      .169
 7833.0      .154
 7834.0      .156
 7835.0      .149
 7836.0      .153
 7837.0      .167
 7838.0      .154
 7839.0      .153
 7840.0      .162
 7841.0      .170
 7842.0      .165
 7843.0      .167
 7844.0      .170
 7845.0      .176
 7846.0      .173
 7847.0      .180
 7848.0      .188
 7849.0      .197
 7850.0      .210
 7851.0      .219
 7852.0      .229
 7853.0      .255
 7854.0      .246
 7855.0      .224
 7856.0      .234
 7857.0      .247
 7858.0      .246
 7859.0      .237
 7860.0      .242
 7861.0      .241
 7862.0      .225
 7863.0      .208
 7864.0      .205
 7865.0      .207
 7866.0      .227
 7867.0      .222
 7868.0      .231
 7869.0      .253
 7870.0      .254
 7871.0      .221
 7872.0      .214
 7873.0      .198
 7874.0      .175
 7875.0      .188
 7876.0      .205
 7877.0      .216
 7878.0      .239
 7879.0      .259
 7880.0      .246
 7881.0      .232
 7882.0      .233
 7883.0      .220
 7884.0      .211
 7885.0      .207
 7886.0      .213
 7887.0      .209
 7888.0      .209
 7889.0      .214
 7890.0      .212
 7891.0      .206
 7892.0      .199
 7893.0      .203
 7894.0      .221
 7895.0      .222
 7896.0      .219
 7897.0      .225
 7898.0      .218
 7899.0      .200
 7900.0      .214
 7901.0      .215
 7902.0      .222
 7903.0      .220
 7904.0      .210
 7905.0      .231
 7906.0      .225
 7907.0      .218
 7908.0      .227
 7909.0      .240
 7910.0      .219
 7911.0      .242
 7912.0      .246
 7913.0      .246
 7914.0      .250
 7915.0      .256
 7916.0      .235
 7917.0      .234
 7918.0      .243
 7919.0      .256
 7920.0      .265
 7921.0      .421
 7922.0      .419
 7923.0      .437
 7924.0      .428
 7925.0      .393
 7926.0      .242
 7927.0      .248
 7928.0      .269
 7929.0      .290
 7930.0      .385
 7931.0      .399
 7932.0      .402
 7933.0      .363
 7934.0      .363
 7935.0      .313
 7936.0      .302
 7937.0      .345
 7938.0      .354
 7939.0      .325
 7940.0      .299
 7941.0      .331
 7942.0      .304
 7943.0      .291
 7944.0      .296
 7945.0      .288
 7946.0      .263
 7947.0      .233
 7948.0      .227
 7949.0      .231
 7950.0      .228
 7951.0      .230
 7952.0      .232
 7953.0      .247
 7954.0      .260
 7955.0      .316
 7956.0      .305
 7957.0      .359
 7958.0      .410
 7959.0      .424
 7960.0      .389
 7961.0      .421
 7962.0      .413
 7963.0      .376
 7964.0      .343
 7965.0      .333
 7966.0      .361
 7967.0      .333
 7968.0      .309
 7969.0      .322
 7970.0      .341
 7971.0      .287
 7972.0      .259
 7973.0      .274
 7974.0      .274
 7975.0      .247
 7976.0      .247
 7977.0      .327
 7978.0      .346
 7979.0      .336
 7980.0      .343
 7981.0      .357
 7982.0      .339
 7983.0      .366
 7984.0      .414
 7985.0      .511
 7986.0      .570
 7987.0      .530
 7988.0      .504
 7989.0      .532
 7990.0      .440
 7991.0      .371
 7992.0      .374
 7993.0      .358
 7994.0      .286
 7995.0      .288
 7996.0      .300
 7997.0      .343
 7998.0      .327
 7999.0      .339
 8000.0      .318
 8001.0      .371
 8002.0      .313
 8003.0      .321
 8004.0      .302
 8005.0      .305
 8006.0      .343
 8007.0      .435
 8008.0      .468
 8009.0      .507
 8010.0      .558
 8011.0      .443
 8012.0      .378
 8013.0      .363
 8014.0      .347
 8015.0      .332
 8016.0      .387
 8017.0      .368
 8018.0      .333
 8019.0      .312
 8020.0      .325
 8021.0      .306
 8022.0      .307
 8023.0      .339
 8024.0      .348
 8025.0      .318
 8026.0      .299
 8027.0      .281
 8028.0      .278
 8029.0      .261
 8030.0      .294
 8031.0      .324
 8032.0      .376
 8033.0      .365
 8034.0      .395
 8035.0      .417
 8036.0      .376
 8037.0      .331
 8038.0      .356
 8039.0      .344
 8040.0      .346
 8041.0      .375
 8042.0      .373
 8043.0      .338
 8044.0      .315
 8045.0      .271
 8046.0      .252
 8047.0      .288
 8048.0      .290
 8049.0      .290
 8050.0      .305
 8051.0      .303
 8052.0      .284
 8053.0      .278
 8054.0      .313
 8055.0      .340
 8056.0      .352
 8057.0      .348
 8058.0      .381
 8059.0      .434
 8060.0      .384
 8061.0      .422
 8062.0      .483
 8063.0      .459
 8064.0      .386
 8065.0      .391
 8066.0      .328
 8067.0      .276
 8068.0      .278
 8069.0      .278
 8070.0      .258
 8071.0      .241
 8072.0      .212
 8073.0      .204
 8074.0      .261
 8075.0      .317
 8076.0      .340
 8077.0      .380
 8078.0      .371
 8079.0      .313
 8080.0      .278
 8081.0      .293
 8082.0      .309
 8083.0      .334
 8084.0      .345
 8085.0      .337
 8086.0      .354
 8087.0      .347
 8088.0      .357
 8089.0      .335
 8090.0      .319
 8091.0      .309
 8092.0      .298
 8093.0      .294
 8094.0      .324
 8095.0      .351
 8096.0      .338
 8097.0      .336
 8098.0      .320
 8099.0      .318
 8100.0      .325
 8101.0      .347
 8102.0      .343
 8103.0      .412
 8104.0      .409
 8105.0      .380
 8106.0      .400
 8107.0      .467
 8108.0      .426
 8109.0      .447
 8110.0      .506
 8111.0      .454
 8112.0      .384
 8113.0      .402
 8114.0      .394
 8115.0      .373
 8116.0      .438
 8117.0      .452
 8118.0      .402
 8119.0      .417
 8120.0      .394
 8121.0      .346
 8122.0      .333
 8123.0      .365
 8124.0      .342
 8125.0      .347
 8126.0      .365
 8127.0      .360
 8128.0      .358
 8129.0      .384
 8130.0      .352
 8131.0      .365
 8132.0      .427
 8133.0      .379
 8134.0      .329
 8135.0      .331
 8136.0      .331
 8137.0      .286
 8138.0      .376
 8139.0      .402
 8140.0      .460
 8141.0      .444
 8142.0      .514
 8143.0      .448
 8144.0      .424
 8145.0      .401
 8146.0      .392
 8147.0      .305
 8148.0      .335
 8149.0      .392
 8150.0      .381
 8151.0      .378
 8152.0      .400
 8153.0      .396
 8154.0      .375
 8155.0      .403
 8156.0      .412
 8157.0      .393
 8158.0      .356
 8159.0      .335
 8160.0      .316
 8161.0      .308
 8162.0      .345
 8163.0      .376
 8164.0      .369
 8165.0      .346
 8166.0      .326
 8167.0      .271
 8168.0      .275
 8169.0      .279
 8170.0      .297
 8171.0      .319
 8172.0      .342
 8173.0      .308
 8174.0      .332
 8175.0      .325
 8176.0      .340
 8177.0      .347
 8178.0      .353
 8179.0      .355
 8180.0      .378
 8181.0      .329
 8182.0      .299
 8183.0      .304
 8184.0      .277
 8185.0      .256
 8186.0      .255
 8187.0      .266
 8188.0      .274
 8189.0      .251
 8190.0      .253
 8191.0      .263
 8192.0      .258
 8193.0      .257
 8194.0      .297
 8195.0      .279
 8196.0      .264
 8197.0      .252
 8198.0      .223
 8199.0      .182
 8200.0      .190
 8201.0      .298
 8202.0      .370
 8203.0      .377
 8204.0      .423
 8205.0      .425
 8206.0      .331
 8207.0      .270
 8208.0      .295
 8209.0      .269
 8210.0      .265
 8211.0      .264
 8212.0      .251
 8213.0      .211
 8214.0      .197
 8215.0      .207
 8216.0      .201
 8217.0      .212
 8218.0      .226
 8219.0      .259
 8220.0      .277
 8221.0      .292
 8222.0      .288
 8223.0      .305
 8224.0      .292
 8225.0      .280
 8226.0      .290
 8227.0      .342
 8228.0      .327
 8229.0      .294
 8230.0      .261
 8231.0      .265
 8232.0      .258
 8233.0      .282
 8234.0      .333
 8235.0      .351
 8236.0      .340
 8237.0      .302
 8238.0      .308
 8239.0      .285
 8240.0      .292
 8241.0      .418
 8242.0      .439
 8243.0      .430
 8244.0      .420
 8245.0      .401
 8246.0      .287
 8247.0      .348
 8248.0      .351
 8249.0      .369
 8250.0      .448
 8251.0      .443
 8252.0      .353
 8253.0      .338
 8254.0      .356
 8255.0      .299
 8256.0      .302
 8257.0      .340
 8258.0      .348
 8259.0      .317
 8260.0      .351
 8261.0      .432
 8262.0      .396
 8263.0      .429
 8264.0      .448
 8265.0      .418
 8266.0      .347
 8267.0      .359
 8268.0      .300
 8269.0      .313
 8270.0      .304
 8271.0      .298
 8272.0      .302
 8273.0      .311
 8274.0      .309
 8275.0      .315
 8276.0      .324
 8277.0      .296
 8278.0      .282
 8279.0      .256
 8280.0      .286
 8281.0      .342
 8282.0      .364
 8283.0      .402
 8284.0      .431
 8285.0      .419
 8286.0      .378
 8287.0      .406
 8288.0      .404
 8289.0      .390
 8290.0      .418
 8291.0      .405
 8292.0      .380
 8293.0      .377
 8294.0      .392
 8295.0      .345
 8296.0      .344
 8297.0      .375
 8298.0      .414
 8299.0      .397
 8300.0      .418
 8301.0      .429
 8302.0      .432
 8303.0      .382
 8304.0      .423
 8305.0      .457
 8306.0      .439
 8307.0      .409
 8308.0      .462
 8309.0      .453
 8310.0      .436
 8311.0      .473
 8312.0      .506
 8313.0      .488
 8314.0      .485
 8315.0      .452
 8316.0      .482
 8317.0      .556
 8318.0      .567
 8319.0      .583
 8320.0      .613
 8321.0      .724
 8322.0      .680
 8323.0      .711
 8324.0      .749
 8325.0      .734
 8326.0      .656
 8327.0      .681
 8328.0      .759
 8329.0      .724
 8330.0      .784
 8331.0      .701
 8332.0      .633
 8333.0      .464
 8334.0      .416
 8335.0      .367
 8336.0      .464
 8337.0      .523
 8338.0      .608
 8339.0      .728
 8340.0      .736
 8341.0      .669
 8342.0      .709
 8343.0      .721
 8344.0      .620
 8345.0      .625
 8346.0      .657
 8347.0      .631
 8348.0      .681
 8349.0      .752
 8350.0      .741
 8351.0      .691
 8352.0      .695
 8353.0      .584
 8354.0      .504
 8355.0      .572
 8356.0      .595
 8357.0      .626
 8358.0      .655
 8359.0      .694
 8360.0      .617
 8361.0      .580
 8362.0      .481
 8363.0      .467
 8364.0      .416
 8365.0      .400
 8366.0      .363
 8367.0      .408
 8368.0      .546
 8369.0      .627
 8370.0      .758
 8371.0      .858
 8372.0     1.019
 8373.0      .979
 8374.0     1.001
 8375.0      .981
 8376.0      .907
 8377.0      .756
 8378.0      .663
 8379.0      .635
 8380.0      .585
 8381.0      .692
 8382.0      .615
 8383.0      .620
 8384.0      .629
 8385.0      .633
 8386.0      .592
 8387.0      .679
 8388.0      .734
 8389.0      .753
 8390.0      .755
 8391.0      .733
 8392.0      .693
 8393.0      .756
 8394.0      .715
 8395.0      .705
 8396.0      .767
 8397.0      .772
 8398.0      .730
 8399.0      .705
 8400.0      .714
 8401.0      .626
 8402.0      .619
 8403.0      .658
 8404.0      .701
 8405.0      .693
 8406.0      .751
 8407.0      .726
 8408.0      .619
 8409.0      .614
 8410.0      .590
 8411.0      .593
 8412.0      .621
 8413.0      .773
 8414.0      .892
 8415.0     1.063
 8416.0     1.107
 8417.0     1.080
 8418.0     1.002
 8419.0      .859
 8420.0      .723
 8421.0      .719
 8422.0      .700
 8423.0      .646
 8424.0      .659
 8425.0      .640
 8426.0      .537
 8427.0      .603
 8428.0      .576
 8429.0      .546
 8430.0      .543
 8431.0      .648
 8432.0      .637
 8433.0      .712
 8434.0      .848
 8435.0      .853
 8436.0      .796
 8437.0      .768
 8438.0      .732
 8439.0      .723
 8440.0      .932
 8441.0     1.007
 8442.0     1.234
 8443.0     1.222
 8444.0     1.143
 8445.0      .949
 8446.0      .919
 8447.0      .824
 8448.0      .999
 8449.0     1.017
 8450.0     1.005
 8451.0     1.057
 8452.0     1.162
 8453.0     1.133
 8454.0     1.067
 8455.0     1.222
 8456.0     1.166
 8457.0     1.206
 8458.0     1.109
 8459.0     1.189
 8460.0     1.097
 8461.0     1.082
 8462.0      .872
 8463.0      .833
 8464.0      .787
 8465.0      .710
 8466.0      .683
 8467.0      .640
 8468.0      .679
 8469.0      .817
 8470.0      .834
 8471.0      .930
 8472.0      .870
 8473.0      .785
 8474.0      .662
 8475.0      .646
 8476.0      .645
 8477.0      .703
 8478.0      .746
 8479.0      .724
 8480.0      .771
 8481.0      .730
 8482.0      .727
 8483.0      .752
 8484.0      .780
 8485.0      .766
 8486.0      .708
 8487.0      .831
 8488.0      .861
 8489.0      .858
 8490.0      .865
 8491.0      .882
 8492.0      .781
 8493.0      .695
 8494.0      .715
 8495.0      .845
 8496.0      .823
 8497.0      .817
 8498.0      .848
 8499.0      .778
 8500.0      .674
 8501.0      .667
 8502.0      .656
 8503.0      .630
 8504.0      .629
 8505.0      .539
 8506.0      .584
 8507.0      .709
 8508.0      .717
 8509.0      .735
 8510.0      .785
 8511.0      .777
 8512.0      .652
 8513.0      .644
 8514.0      .679
 8515.0      .646
 8516.0      .651
 8517.0      .757
 8518.0      .837
 8519.0      .820
 8520.0      .968
 8521.0      .985
 8522.0      .914
 8523.0     1.146
 8524.0     1.250
 8525.0     1.196
 8526.0     1.175
 8527.0     1.248
 8528.0      .935
 8529.0      .842
 8530.0      .768
 8531.0      .779
 8532.0      .616
 8533.0      .641
 8534.0      .610
 8535.0      .689
 8536.0      .766
 8537.0      .853
 8538.0      .879
 8539.0     1.045
 8540.0      .990
 8541.0      .969
 8542.0     1.034
 8543.0     1.121
 8544.0     1.116
 8545.0     1.135
 8546.0     1.381
 8547.0     1.291
 8548.0     1.570
 8549.0     1.564
 8550.0     1.652
 8551.0     1.442
 8552.0     1.642
 8553.0     1.381
 8554.0     1.326
 8555.0     1.404
 8556.0     1.371
 8557.0     1.258
 8558.0     1.169
 8559.0     1.233
 8560.0     1.197
 8561.0     1.145
 8562.0     1.116
 8563.0     1.222
 8564.0     1.278
 8565.0     1.161
 8566.0     1.195
 8567.0     1.326
 8568.0     1.317
 8569.0     1.289
 8570.0     1.359
 8571.0     1.364
 8572.0     1.301
 8573.0     1.183
 8574.0     1.008
 8575.0      .990
 8576.0      .932
 8577.0      .755
 8578.0      .729
 8579.0      .689
 8580.0      .593
 8581.0      .569
 8582.0      .643
 8583.0      .668
 8584.0      .835
 8585.0      .871
 8586.0      .887
 8587.0      .998
 8588.0     1.052
 8589.0      .985
 8590.0     1.141
 8591.0     1.169
 8592.0     1.087
 8593.0     1.109
 8594.0     1.093
 8595.0      .938
 8596.0      .987
 8597.0     1.027
 8598.0     1.032
 8599.0     1.055
 8600.0     1.058
 8601.0     1.105
 8602.0     1.103
 8603.0     1.111
 8604.0     1.149
 8605.0     1.232
 8606.0     1.275
 8607.0     1.275
 8608.0     1.260
 8609.0     1.186
 8610.0     1.176
 8611.0     1.061
 8612.0     1.094
 8613.0      .999
 8614.0     1.028
 8615.0      .938
 8616.0      .886
 8617.0     1.009
 8618.0     1.042
 8619.0      .972
 8620.0      .986
 8621.0     1.012
 8622.0      .842
 8623.0      .851
 8624.0      .929
 8625.0     1.046
 8626.0     1.060
 8627.0     1.110
 8628.0     1.159
 8629.0     1.156
 8630.0     1.212
 8631.0     1.224
 8632.0     1.329
 8633.0     1.421
 8634.0     1.618
 8635.0     1.524
 8636.0     1.664
 8637.0     1.565
 8638.0     1.486
 8639.0     1.328
 8640.0     1.300
 8641.0     1.258
 8642.0     1.363
 8643.0     1.245
 8644.0     1.136
 8645.0     1.063
 8646.0     1.215
 8647.0      .966
 8648.0     1.308
 8649.0     1.574
 8650.0     1.680
 8651.0     1.491
 8652.0     1.580
 8653.0     1.486
 8654.0     1.461
 8655.0     1.489
 8656.0     1.514
 8657.0     1.725
 8658.0     1.714
 8659.0     1.756
 8660.0     1.812
 8661.0     1.868
 8662.0     1.969
 8663.0     2.080
 8664.0     2.273
 8665.0     2.280
 8666.0     2.339
 8667.0     2.181
 8668.0     2.084
 8669.0     1.944
 8670.0     1.914
 8671.0     1.995
 8672.0     2.408
 8673.0     2.697
 8674.0     2.550
