 NEVC    Sum     Win    Total  Meas Core
  yr     (cm)    (cm)    (cm)
 6944   2.409   1.151   3.561  1  A1        
 6945   1.666   0.516   2.182  2  A2        
 6946   1.236   0.819   2.055  2  ...       
 6947   1.843   1.395   3.239  2  ...       
 6948   1.465   1.267   2.733  2  ...       
 6949   2.000   0.863   2.863  2  ...       
 6950   1.166   0.841   2.007  2  ...       
 6951   1.188   0.628   1.816  2  ...       
 6952   0.908   0.613   1.521  2  ...       
 6953   1.294   0.613   1.907  2  ...       
 6954   0.432   0.280   0.711  2  ...       
 6955   0.954   0.507   1.461  2  ...       
 6956   1.676   0.792   2.467  3  A3        
 6957   0.753   0.788   1.540  3  ...       
 6958   1.084   0.717   1.800  3  ...       
 6959   0.436   0.426   0.863  3  ...       
 6960   0.491   0.477   0.968  3  ...       
 6961   0.547   0.677   1.224  3  ...       
 6962   0.488   0.661   1.151  2  ...       
 6963   0.458   0.526   0.985  2  ...       
 6964   0.534   0.398   0.933  2  ...       
 6965   0.435   0.466   0.903  2  ...       
 6966   0.391   0.488   0.880  2  ...       
 6967   1.324   0.572   1.896  2  ...       
 6968   0.467   0.610   1.077  2  ...       
 6969   0.489   0.587   1.077  2  ...       
 6970   0.866   0.708   1.574  2  ...       
 6971   1.099   1.274   2.373  2  ...       
 6972   0.995   0.497   1.492  2  ...       
 6973   0.847   1.134   1.982  3  A4        
 6974   0.441   0.512   0.953  3  ...       
 6975   0.833   0.722   1.556  3  ...       
 6976   0.888   0.562   1.450  3  ...       
 6977   0.496   0.531   1.028  3  ...       
 6978   0.773   0.407   1.180  3  ...       
 6979   0.511   0.341   0.853  3  ...       
 6980   0.728   0.658   1.385  3  ...       
 6981   1.179   0.496   1.675  2  ...       
 6982   0.653   0.533   1.187  2  ...       
 6983   0.556   0.617   1.173  2  ...       
 6984   2.483   1.129   3.612  2  ...       
 6985   1.362   0.648   2.009  2  ...       
 6986   2.261   1.187   3.448  2  ...       
 6987   1.840   0.646   2.486  2  ...       
 6988   1.936   0.551   2.487  3  A5        
 6989   4.247   1.228   5.474  3  ...       
 6990   1.464   1.004   2.468  2  ...       
 6991   0.649   0.544   1.192  2  ...       
 6992   1.246   0.837   2.083  2  ...       
 6993   0.944   0.400   1.344  2  ...       
 6994   0.770   0.558   1.328  2  ...       
 6995   1.115   0.414   1.528  2  ...       
 6996   0.587   0.687   1.275  3  A6        
 6997   0.637   0.748   1.385  3  ...       
 6998   0.828   1.144   1.972  3  ...       
 6999   0.781   0.556   1.337  3  ...       
 7000   0.731   0.515   1.246  3  ...       
 7001   0.641   0.460   1.102  3  ...       
 7002   0.636   0.385   1.022  3  ...       
 7003   0.685   0.706   1.392  3  ...       
 7004   0.651   0.491   1.143  3  ...       
 7005   0.436   0.646   1.083  3  ...       
 7006   0.451   0.481   0.932  3  ...       
 7007   0.580   2.549   3.129  2  ...       
 7008   0.709   1.071   1.780  2  ...       
 7009   0.913   0.550   1.463  2  ...       
 7010   0.551   0.664   1.214  2  ...       
 7011   1.065   0.849   1.914  2  ...       
 7012   0.300   0.391   0.691  2  ...       
 7013   0.405   0.668   1.072  2  ...       
 7014   1.028   0.405   1.434  2  ...       
 7015   0.623   0.322   0.946  2  ...       
 7016   0.608   0.451   1.059  2  ...       
 7017   0.839   0.465   1.303  2  ...       
 7018   0.599   0.359   0.959  2  ...       
 7019   0.479   0.666   1.146  2  ...       
 7020   1.468   1.056   2.525  2  ...       
 7021   0.981   0.855   1.836  2  ...       
 7022   0.961   0.503   1.465  2  ...       
 7023   0.849   0.473   1.322  2  ...       
 7024   0.556   0.556   1.112  2  ...       
 7025   0.802   0.635   1.437  3  A7        
 7026   0.759   0.401   1.160  3  ...       
 7027   0.553   0.548   1.100  2  ...       
 7028   3.528   1.164   4.693  2  ...       
 7029   1.016   0.460   1.477  2  ...       
 7030   1.212   0.301   1.513  2  ...       
 7031   0.605   0.382   0.987  2  ...       
 7032   0.766   0.414   1.181  2  ...       
 7033   0.815   0.450   1.265  2  ...       
 7034   0.834   0.461   1.294  2  ...       
 7035   0.652   0.289   0.940  2  ...       
 7036   1.466   0.740   2.205  1  ...       
 7037   1.986   0.548   2.534  1  ...       
 7038   0.466   0.425   0.890  1  ...       
 7039   0.779   0.602   1.381  1  ...       
 7040   0.658   0.466   1.124  2  A8        
 7041   0.679   0.514   1.192  2  ...       
 7042   0.528   0.294   0.822  2  ...       
 7043   0.521   0.349   0.871  2  ...       
 7044   0.370   0.343   0.713  2  ...       
 7045   0.598   0.413   1.010  2  ...       
 7046   0.247   0.646   0.893  2  ...       
 7047   0.852   0.460   1.312  2  ...       
 7048   0.659   0.557   1.215  2  ...       
 7049   0.391   0.384   0.775  2  ...       
 7050   0.480   0.391   0.872  2  ...       
 7051   0.357   0.454   0.811  2  ...       
 7052   0.808   0.487   1.294  2  ...       
 7053   0.534   0.692   1.225  2  ...       
 7054   0.356   0.678   1.033  2  ...       
 7055   0.424   0.335   0.760  2  ...       
 7056   0.451   0.540   0.992  2  ...       
 7057   0.397   0.712   1.108  2  ...       
 7058   0.493   0.512   1.005  2  ...       
 7059   0.341   0.253   0.595  2  ...       
 7060   0.744   0.765   1.510  2  ...       
 7061   0.539   0.752   1.290  2  ...       
 7062   0.730   0.581   1.311  2  ...       
 7063   0.622   0.909   1.530  2  ...       
 7064   0.704   0.650   1.354  2  ...       
 7065   0.778   0.683   1.461  2  ...       
 7066   0.506   0.448   0.954  3  A9        
 7067   0.206   0.467   0.672  3  ...       
 7068   0.289   0.384   0.672  3  ...       
 7069   0.390   0.531   0.921  3  ...       
 7070   0.500   0.608   1.107  3  ...       
 7071   0.678   0.617   1.294  2  ...       
 7072   0.490   0.493   0.983  2  ...       
 7073   0.310   0.449   0.758  2  ...       
 7074   0.336   0.332   0.669  2  ...       
 7075   0.449   0.753   1.201  2  ...       
 7076   0.409   0.354   0.764  2  ...       
 7077   0.359   0.630   0.989  2  ...       
 7078   0.323   0.641   0.965  2  ...       
 7079   0.269   0.650   0.919  2  ...       
 7080   0.446   0.572   1.018  2  ...       
 7081   0.471   0.440   0.911  2  ...       
 7082   0.445   0.635   1.080  2  ...       
 7083   0.326   0.625   0.951  2  ...       
 7084   0.408   0.376   0.784  2  ...       
 7085   0.496   0.477   0.972  2  ...       
 7086   0.333   0.384   0.717  2  ...       
 7087   0.589   0.786   1.375  2  ...       
 7088   0.255   0.637   0.892  2  ...       
 7089   0.423   0.532   0.955  2  ...       
 7090   0.333   0.562   0.896  2  ...       
 7091   0.454   0.671   1.125  2  ...       
 7092   0.723   0.654   1.377  2  ...       
 7093   0.708   0.698   1.406  2  ...       
 7094   0.344   0.654   0.999  3  A10       
 7095   0.516   0.484   1.000  2  ...       
 7096   0.397   0.533   0.929  2  ...       
 7097   0.495   0.489   0.984  2  ...       
 7098   0.344   0.521   0.865  2  ...       
 7099   0.629   0.622   1.250  2  ...       
 7100   0.264   0.515   0.779  2  ...       
 7101   0.452   0.806   1.258  2  ...       
 7102   0.431   0.494   0.924  2  ...       
 7103   0.694   0.758   1.452  2  ...       
 7104   0.387   0.655   1.041  2  ...       
 7105   0.505   0.872   1.376  2  ...       
 7106   0.541   0.787   1.328  2  ...       
 7107   0.289   0.470   0.760  2  ...       
 7108   0.471   0.535   1.006  2  ...       
 7109   0.386   0.563   0.949  2  ...       
 7110   0.481   0.916   1.397  2  ...       
 7111   0.539   0.775   1.314  2  ...       
 7112   0.605   0.767   1.373  2  ...       
 7113   0.647   1.118   1.764  2  ...       
 7114   0.669   0.896   1.564  2  ...       
 7115   0.625   0.954   1.579  2  ...       
 7116   0.375   0.806   1.181  2  ...       
 7117   0.242   0.321   0.562  2  ...       
 7118   0.317   0.428   0.746  2  ...       
 7119   0.697   0.589   1.285  2  ...       
 7120   0.301   0.435   0.735  2  ...       
 7121   0.273   0.272   0.545  2  ...       
 7122   0.321   0.470   0.791  2  ...       
 7123   0.485   0.431   0.916  1  ...       
 7124   0.517   0.582   1.099  1  ...       
 7125   0.614   0.582   1.196  1  ...       
 7126   0.503   0.454   0.957  2  A11       
 7127   1.931   0.666   2.597  2  ...       
 7128   0.411   0.406   0.817  2  ...       
 7129   0.324   0.319   0.643  2  ...       
 7130   0.346   0.491   0.837  2  ...       
 7131   0.292   0.313   0.605  2  ...       
 7132   0.308   0.330   0.638  2  ...       
 7133   0.259   0.346   0.605  2  ...       
 7134   0.298   0.356   0.654  2  ...       
 7135   0.259   0.259   0.519  2  ...       
 7136   0.562   0.400   0.962  2  ...       
 7137   0.389   0.389   0.778  2  ...       
 7138   0.448   0.470   0.919  2  ...       
 7139   0.281   0.373   0.654  2  ...       
 7140   0.378   0.389   0.767  2  ...       
 7141   0.551   0.313   0.865  2  ...       
 7142   0.324   0.248   0.573  2  ...       
 7143   0.427   0.232   0.660  2  ...       
 7144   0.345   0.303   0.648  2  ...       
 7145   0.248   0.275   0.524  2  ...       
 7146   0.669   0.545   1.214  2  ...       
 7147   0.340   0.362   0.702  2  ...       
 7148   0.373   0.465   0.837  2  ...       
 7149   0.275   0.286   0.562  2  ...       
 7150   0.313   0.405   0.719  2  ...       
 7151   0.405   0.395   0.799  2  ...       
 7152   0.520   0.412   0.931  1  ...       
 7153   0.412   0.531   0.942  1  ...       
 7154   0.433   0.412   0.845  1  ...       
 7155   0.455   0.466   0.921  1  ...       
 7156   0.314   0.357   0.671  1  ...       
 7157   0.249   0.325   0.574  1  ...       
 7158   0.238   0.347   0.585  1  ...       
 7159   0.310   0.322   0.632  2  A12       
 7160   0.376   0.244   0.620  2  ...       
 7161   0.354   0.400   0.755  2  ...       
 7162   0.368   0.726   1.095  2  ...       
 7163   0.451   0.526   0.979  2  ...       
 7164   0.377   0.387   0.763  2  ...       
 7165   0.309   0.187   0.495  2  ...       
 7166   0.364   0.394   0.758  2  ...       
 7167   0.291   0.345   0.636  2  ...       
 7168   0.303   0.355   0.659  2  ...       
 7169   0.126   0.196   0.321  2  ...       
 7170   0.319   0.412   0.732  2  ...       
 7171   0.241   0.160   0.400  2  ...       
 7172   0.898   0.596   1.495  2  ...       
 7173   0.438   0.359   0.797  2  ...       
 7174   0.226   0.355   0.581  2  ...       
 7175   0.659   0.470   1.128  2  ...       
 7176   0.278   0.193   0.472  2  ...       
 7177   0.447   0.835   1.282  2  ...       
 7178   0.290   0.294   0.584  2  ...       
 7179   0.211   0.272   0.483  2  ...       
 7180   0.314   0.447   0.761  2  ...       
 7181   0.518   0.421   0.940  2  ...       
 7182   0.323   0.206   0.530  2  ...       
 7183   0.278   0.194   0.473  2  ...       
 7184   0.267   0.222   0.489  2  ...       
 7185   0.320   0.389   0.710  2  ...       
 7186   0.479   0.246   0.726  2  ...       
 7187   0.372   0.448   0.821  2  ...       
 7188   0.489   0.496   0.984  2  ...       
 7189   0.441   0.442   0.882  2  ...       
 7190   0.243   0.398   0.641  2  ...       
 7191   0.308   0.306   0.615  2  ...       
 7192   0.403   0.318   0.722  2  ...       
 7193   0.267   0.286   0.554  2  ...       
 7194   0.150   0.176   0.326  2  ...       
 7195   0.153   0.151   0.304  2  ...       
 7196   0.247   0.183   0.430  2  ...       
 7197   0.682   0.381   1.063  2  ...       
 7198   0.272   0.201   0.473  3  A13       
 7199   0.196   0.167   0.363  2  ...       
 7200   7.036   1.433   8.467  2  ...       
 7201   2.232   0.949   3.181  2  ...       
 7202   0.560   0.506   1.066  2  ...       
 7203   6.261   0.816   7.077  2  ...       
 7204   0.466   0.677   1.143  2  ...       
 7205   0.567   0.696   1.263  2  ...       
 7206   0.707   0.597   1.304  2  ...       
 7207   0.502   0.409   0.910  2  ...       
 7208   1.972   0.673   2.645  2  ...       
 7209   0.676   0.688   1.363  2  ...       
 7210   0.413   0.515   0.928  3  A14       
 7211   0.148   0.397   0.544  3  ...       
 7212   0.454   0.544   0.999  2  ...       
 7213  14.014   1.270  15.283  2  ...       
 7214   1.593   0.750   2.342  2  ...       
 7215   0.882   0.747   1.629  2  ...       
 7216   1.319   0.643   1.962  2  ...       
 7217   0.813   0.530   1.342  2  ...       
 7218   1.208   0.905   2.113  2  ...       
 7219   1.345   1.208   2.552  1  ...       
 7220   1.139   1.070   2.209  1  ...       
 7221   1.002   0.755   1.756  1  ...       
 7222   1.129   0.668   1.796  2  A15       
 7223   0.912   0.541   1.454  2  ...       
 7224   0.827   0.436   1.263  2  ...       
 7225   0.939   0.555   1.494  2  ...       
 7226   0.568   0.544   1.112  2  ...       
 7227   0.694   0.671   1.364  2  ...       
 7228   1.140   0.638   1.778  2  ...       
 7229   1.367   0.677   2.043  2  ...       
 7230   1.076   0.756   1.832  2  ...       
 7231   1.134   0.809   1.943  2  ...       
 7232   0.908   0.654   1.561  2  ...       
 7233   0.760   0.709   1.470  2  ...       
 7234   0.975   0.467   1.442  2  ...       
 7235   0.695   0.577   1.271  2  ...       
 7236   1.063   0.559   1.622  2  ...       
 7237   0.378   0.544   0.923  2  ...       
 7238   0.418   0.406   0.824  1  ...       
 7239   0.823   0.671   1.495  1  ...       
 7240   1.014   0.785   1.799  1  ...       
 7241   1.039   0.887   1.926  1  ...       
 7242   1.087   0.719   1.806  2  A16       
 7243   0.589   0.697   1.285  2  ...       
 7244   1.712   0.997   2.710  2  ...       
 7245   1.441   0.923   2.364  2  ...       
 7246   1.468   0.951   2.419  2  ...       
 7247   0.994   0.796   1.789  2  ...       
 7248   0.994   0.655   1.650  2  ...       
 7249   1.115   0.661   1.776  2  ...       
 7250   1.202   0.770   1.971  2  ...       
 7251   0.844   0.633   1.476  2  ...       
 7252   1.516   0.723   2.240  2  ...       
 7253   1.362   0.722   2.086  2  ...       
 7254   1.666   0.707   2.373  2  ...       
 7255   1.487   0.817   2.305  2  A17       
 7256   1.471   0.743   2.214  2  ...       
 7257   1.518   0.725   2.243  2  ...       
 7258   1.365   0.920   2.286  2  ...       
 7259   0.965   0.658   1.623  2  ...       
 7260   0.981   0.647   1.628  2  ...       
 7261   0.875   0.583   1.458  2  ...       
 7262   0.878   0.640   1.520  2  ...       
 7263   1.132   0.598   1.730  2  ...       
 7264   0.613   0.618   1.232  2  ...       
 7265   0.751   0.523   1.275  2  ...       
 7266   0.497   0.465   0.962  2  ...       
 7267   0.428   0.269   0.697  2  ...       
 7268   0.851   0.259   1.110  2  ...       
 7269   0.999   0.523   1.522  2  ...       
 7270   0.936   0.465   1.401  2  ...       
 7271   0.778   0.572   1.350  2  ...       
 7272   1.199   0.613   1.812  2  ...       
 7273   1.025   0.560   1.584  1  ...       
 7274   2.229   0.873   3.102  1  ...       
 7275   1.023   0.678   1.701  2  A18       
 7276   0.451   0.350   0.800  2  ...       
 7277   0.382   0.255   0.637  2  ...       
 7278   0.276   0.292   0.567  2  ...       
 7279   0.414   0.196   0.610  2  ...       
 7280   0.546   0.218   0.764  2  ...       
 7281   0.366   0.265   0.632  2  ...       
 7282   0.419   0.298   0.716  2  ...       
 7283   0.350   0.270   0.621  2  ...       
 7284   0.409   0.329   0.738  2  ...       
 7285   0.329   0.255   0.584  2  ...       
 7286   0.550   0.318   0.868  2  ...       
 7287   0.301   0.206   0.508  2  ...       
 7288   0.270   0.233   0.502  2  ...       
 7289   0.572   0.455   1.027  2  ...       
 7290   0.449   0.270   0.719  2  ...       
 7291   0.211   0.227   0.438  2  ...       
 7292   1.073   0.549   1.622  2  ...       
 7293   0.461   0.433   0.893  2  ...       
 7294   0.434   0.401   0.836  2  ...       
 7295   0.946   0.428   1.374  2  ...       
 7296   0.592   0.265   0.856  2  ...       
 7297   0.719   0.249   0.967  2  ...       
 7298   0.507   0.243   0.750  2  ...       
 7299   0.546   0.302   0.847  2  ...       
 7300   0.503   0.403   0.906  2  ...       
 7301   0.545   0.434   0.980  2  ...       
 7302   0.481   0.327   0.809  2  ...       
 7303   0.329   0.276   0.604  1  ...       
 7304   1.643   0.647   2.290  1  ...       
 7305   1.737   0.586   2.323  1  ...       
 7306   0.373   0.160   0.533  1  ...       
 7307   0.607   0.391   0.998  2  A19       
 7308   0.207   0.171   0.378  2  ...       
 7309   0.248   0.220   0.468  2  ...       
 7310   0.266   0.250   0.516  2  ...       
 7311   0.303   0.250   0.553  2  ...       
 7312   0.200   0.229   0.429  2  ...       
 7313   0.172   0.169   0.341  2  ...       
 7314   0.455   0.424   0.878  2  ...       
 7315   0.745   0.479   1.224  2  ...       
 7316   0.299   0.196   0.495  2  ...       
 7317   0.465   0.368   0.833  2  ...       
 7318   0.325   0.193   0.519  2  ...       
 7319   0.254   0.257   0.510  2  ...       
 7320   0.609   0.404   1.012  2  ...       
 7321   0.401   0.315   0.716  2  ...       
 7322   0.278   0.190   0.468  2  ...       
 7323   0.222   0.181   0.402  2  ...       
 7324   0.248   0.269   0.516  2  ...       
 7325   0.251   0.275   0.525  2  ...       
 7326   0.177   0.170   0.347  2  ...       
 7327   0.450   0.278   0.729  2  ...       
 7328   0.465   0.334   0.799  2  ...       
 7329   0.310   0.328   0.638  2  ...       
 7330   0.461   0.638   1.099  2  ...       
 7331   0.222   0.271   0.492  2  ...       
 7332   0.272   0.444   0.715  2  ...       
 7333   0.421   0.299   0.720  2  ...       
 7334   0.436   0.359   0.796  2  ...       
 7335   0.458   0.373   0.831  2  ...       
 7336   0.563   0.452   1.016  2  ...       
 7337   0.248   0.274   0.523  2  ...       
 7338   0.211   0.248   0.459  2  ...       
 7339   0.235   0.281   0.518  2  ...       
 7340   0.280   0.299   0.578  2  ...       
 7341   0.162   0.167   0.329  2  ...       
 7342   0.446   0.388   0.834  2  ...       
 7343   0.592   0.440   1.031  2  ...       
 7344   0.304   0.252   0.558  2  ...       
 7345   0.153   0.157   0.310  2  ...       
 7346   0.309   0.162   0.471  2  ...       
 7347   0.153   0.199   0.352  2  ...       
 7348   0.142   0.125   0.267  2  ...       
 7349   0.159   0.178   0.337  2  ...       
 7350   0.244   0.283   0.527  2  ...       
 7351   0.257   0.322   0.579  1  ...       
 7352   0.230   0.224   0.454  1  ...       
 7353   0.526   0.382   0.908  1  ...       
 7354   0.178   0.184   0.362  1  ...       
 7355   0.270   0.211   0.480  1  ...       
 7356   0.171   0.270   0.441  1  ...       
 7357   0.217   0.250   0.467  1  ...       
 7358   0.204   0.190   0.394  1  ...       
 7359   0.194   0.272   0.466  2  B1        
 7360   0.220   0.352   0.572  2  ...       
 7361   0.187   0.187   0.374  2  ...       
 7362   0.137   0.215   0.352  2  ...       
 7363   0.134   0.225   0.359  2  ...       
 7364   0.178   0.272   0.451  2  ...       
 7365   0.153   0.218   0.371  2  ...       
 7366   0.138   0.199   0.337  2  ...       
 7367   0.169   0.194   0.363  2  ...       
 7368   0.127   0.172   0.299  2  ...       
 7369   0.130   0.185   0.315  2  ...       
 7370   0.118   0.140   0.257  2  ...       
 7371   0.139   0.131   0.270  2  ...       
 7372   0.210   0.169   0.378  2  ...       
 7373   0.176   0.141   0.316  2  ...       
 7374   0.092   0.182   0.273  2  ...       
 7375   0.208   0.234   0.442  2  ...       
 7376   0.117   0.171   0.289  2  ...       
 7377   0.135   0.315   0.451  2  ...       
 7378   0.326   0.379   0.705  2  ...       
 7379   0.218   0.341   0.559  2  ...       
 7380   0.149   0.241   0.391  2  ...       
 7381   0.102   0.155   0.257  2  ...       
 7382   0.102   0.200   0.301  2  ...       
 7383   0.136   0.211   0.346  2  ...       
 7384   0.245   0.257   0.502  2  ...       
 7385   0.098   0.219   0.317  2  ...       
 7386   0.326   0.291   0.618  2  ...       
 7387   0.117   0.168   0.285  2  ...       
 7388   0.143   0.192   0.335  2  ...       
 7389   0.143   0.196   0.339  2  ...       
 7390   0.121   0.168   0.288  2  ...       
 7391   0.160   0.297   0.456  2  ...       
 7392   0.159   0.154   0.313  2  ...       
 7393   0.190   0.278   0.468  2  ...       
 7394   0.091   0.161   0.253  2  ...       
 7395   0.104   0.186   0.290  2  ...       
 7396   0.101   0.142   0.243  2  ...       
 7397   0.069   0.113   0.183  2  ...       
 7398   0.162   0.126   0.287  2  ...       
 7399   0.136   0.139   0.275  2  ...       
 7400   0.076   0.091   0.167  2  ...       
 7401   0.155   0.146   0.300  2  ...       
 7402   0.152   0.256   0.407  2  ...       
 7403   0.098   0.168   0.266  2  ...       
 7404   0.120   0.198   0.318  2  ...       
 7405   0.135   0.250   0.386  2  ...       
 7406   0.109   0.152   0.262  2  ...       
 7407   0.138   0.162   0.299  2  ...       
 7408   0.098   0.160   0.259  2  ...       
 7409   0.075   0.126   0.201  2  ...       
 7410   0.095   0.145   0.240  2  ...       
 7411   0.098   0.199   0.297  2  ...       
 7412   0.119   0.148   0.268  2  ...       
 7413   0.085   0.129   0.214  2  ...       
 7414   0.069   0.111   0.179  2  ...       
 7415   0.129   0.169   0.299  2  ...       
 7416   0.106   0.133   0.239  2  ...       
 7417   0.088   0.132   0.220  2  ...       
 7418   0.101   0.128   0.229  2  ...       
 7419   0.072   0.119   0.192  2  ...       
 7420   0.148   0.150   0.299  2  ...       
 7421   0.065   0.116   0.182  2  ...       
 7422   0.166   0.202   0.368  2  ...       
 7423   0.103   0.157   0.261  2  ...       
 7424   0.101   0.141   0.241  2  ...       
 7425   0.094   0.152   0.245  2  ...       
 7426   0.155   0.166   0.320  2  ...       
 7427   0.137   0.073   0.210  3  B2        
 7428   0.234   0.219   0.452  3  ...       
 7429   0.102   0.161   0.262  3  ...       
 7430   0.137   0.204   0.340  3  ...       
 7431   0.100   0.184   0.283  3  ...       
 7432   0.225   0.300   0.525  3  ...       
 7433   0.093   0.195   0.288  3  ...       
 7434   0.145   0.282   0.428  3  ...       
 7435   0.085   0.152   0.236  3  ...       
 7436   0.087   0.115   0.202  3  ...       
 7437   0.142   0.158   0.299  3  ...       
 7438   0.218   0.366   0.585  3  ...       
 7439   0.172   0.249   0.421  3  ...       
 7440   0.077   0.158   0.235  3  ...       
 7441   0.089   0.158   0.247  3  ...       
 7442   0.109   0.208   0.318  3  ...       
 7443   0.119   0.150   0.270  3  ...       
 7444   0.060   0.072   0.133  2  ...       
 7445   0.345   0.248   0.593  2  ...       
 7446   0.094   0.188   0.282  2  ...       
 7447   0.064   0.155   0.218  2  ...       
 7448   0.109   0.220   0.330  2  ...       
 7449   0.127   0.206   0.333  2  ...       
 7450   0.125   0.160   0.285  2  ...       
 7451   0.127   0.140   0.266  2  ...       
 7452   0.091   0.103   0.193  2  ...       
 7453   0.052   0.091   0.142  2  ...       
 7454   0.137   0.181   0.318  2  ...       
 7455   0.100   0.166   0.266  2  ...       
 7456   0.131   0.175   0.306  2  ...       
 7457   0.088   0.124   0.212  2  ...       
 7458   0.124   0.163   0.287  2  ...       
 7459   0.127   0.178   0.305  2  ...       
 7460   0.100   0.124   0.223  2  ...       
 7461   0.124   0.190   0.314  2  ...       
 7462   0.100   0.154   0.253  2  ...       
 7463   0.105   0.157   0.262  2  ...       
 7464   0.100   0.115   0.215  2  ...       
 7465   0.236   0.253   0.488  2  ...       
 7466   0.069   0.111   0.181  2  ...       
 7467   0.112   0.162   0.275  2  ...       
 7468   0.132   0.148   0.280  2  ...       
 7469   0.094   0.169   0.262  2  ...       
 7470   0.102   0.120   0.223  2  ...       
 7471   0.073   0.081   0.154  2  ...       
 7472   0.162   0.215   0.377  2  ...       
 7473   0.145   0.145   0.289  2  ...       
 7474   0.075   0.150   0.226  2  ...       
 7475   0.141   0.226   0.368  2  ...       
 7476   0.135   0.195   0.331  2  ...       
 7477   0.271   0.271   0.542  2  ...       
 7478   0.117   0.220   0.337  2  ...       
 7479   0.090   0.111   0.201  2  ...       
 7480   0.259   0.275   0.534  2  ...       
 7481   0.175   0.196   0.370  2  ...       
 7482   0.075   0.166   0.241  2  ...       
 7483   0.124   0.208   0.331  2  ...       
 7484   0.171   0.181   0.352  2  ...       
 7485   0.175   0.160   0.335  2  ...       
 7486   0.160   0.169   0.328  2  ...       
 7487   0.175   0.231   0.407  2  ...       
 7488   0.159   0.181   0.340  2  ...       
 7489   0.090   0.126   0.216  2  ...       
 7490   0.159   0.208   0.366  2  ...       
 7491   0.168   0.243   0.410  2  ...       
 7492   0.129   0.234   0.363  2  ...       
 7493   0.146   0.218   0.366  2  ...       
 7494   0.118   0.119   0.236  2  ...       
 7495   0.123   0.132   0.255  2  ...       
 7496   0.090   0.165   0.255  2  ...       
 7497   0.183   0.150   0.333  2  ...       
 7498   0.084   0.168   0.252  2  ...       
 7499   0.105   0.147   0.252  2  ...       
 7500   0.266   0.309   0.575  2  ...       
 7501   0.281   0.317   0.599  2  ...       
 7502   0.203   0.315   0.518  2  ...       
 7503   0.162   0.287   0.449  2  ...       
 7504   0.261   0.335   0.596  2  ...       
 7505   0.234   0.306   0.539  2  ...       
 7506   0.249   0.206   0.456  2  ...       
 7507   0.234   0.287   0.521  2  ...       
 7508   0.195   0.275   0.470  2  ...       
 7509   0.170   0.132   0.303  2  ...       
 7510   0.170   0.207   0.377  3  B3-L      
 7511   0.171   0.149   0.321  3  ...       
 7512   0.075   0.068   0.143  3  ...       
 7513   0.124   0.117   0.241  3  ...       
 7514   0.069   0.101   0.170  3  ...       
 7515   0.191   0.181   0.372  3  ...       
 7516   0.271   0.255   0.526  3  ...       
 7517   0.067   0.135   0.202  3  ...       
 7518   0.129   0.139   0.268  3  ...       
 7519   0.078   0.137   0.216  3  ...       
 7520   0.067   0.115   0.183  3  ...       
 7521   0.127   0.176   0.302  3  ...       
 7522   0.181   0.247   0.428  3  ...       
 7523   0.149   0.223   0.372  3  ...       
 7524   0.160   0.268   0.428  3  ...       
 7525   0.105   0.195   0.300  3  ...       
 7526   0.117   0.181   0.297  3  ...       
 7527   0.137   0.152   0.289  3  ...       
 7528   0.139   0.155   0.294  3  ...       
 7529   0.137   0.217   0.354  3  ...       
 7530   0.191   0.257   0.448  3  ...       
 7531   0.153   0.149   0.301  3  ...       
 7532   0.107   0.120   0.227  3  ...       
 7533   0.217   0.168   0.385  3  ...       
 7534   0.073   0.094   0.167  2  ...       
 7535   0.131   0.127   0.258  2  ...       
 7536   0.228   0.188   0.415  2  ...       
 7537   0.134   0.242   0.376  2  ...       
 7538   0.228   0.166   0.394  2  ...       
 7539   0.103   0.163   0.267  2  ...       
 7540   0.376   0.206   0.582  2  ...       
 7541   0.124   0.109   0.232  2  ...       
 7542   0.139   0.078   0.217  2  ...       
 7543   0.081   0.109   0.190  2  ...       
 7544   0.124   0.094   0.216  2  ...       
 7545   0.087   0.157   0.245  2  ...       
 7546   0.090   0.109   0.199  2  ...       
 7547   0.051   0.115   0.166  2  ...       
 7548   0.039   0.123   0.163  2  ...       
 7549   0.226   0.227   0.453  2  ...       
 7550   0.079   0.136   0.214  2  ...       
 7551   0.096   0.133   0.229  2  ...       
 7552   0.103   0.157   0.259  2  ...       
 7553   0.139   0.154   0.292  2  ...       
 7554   0.102   0.169   0.271  2  ...       
 7555   0.088   0.165   0.252  2  ...       
 7556   0.060   0.111   0.171  2  ...       
 7557   0.153   0.228   0.382  2  ...       
 7558   0.150   0.135   0.285  2  ...       
 7559   0.064   0.115   0.177  2  ...       
 7560   0.069   0.126   0.195  2  ...       
 7561   0.079   0.079   0.156  2  ...       
 7562   0.058   0.130   0.186  2  ...       
 7563   0.105   0.132   0.238  2  ...       
 7564   0.153   0.118   0.270  2  ...       
 7565   0.075   0.094   0.168  2  ...       
 7566   0.049   0.109   0.157  2  ...       
 7567   0.123   0.207   0.331  2  ...       
 7568   0.150   0.190   0.340  2  ...       
 7569   0.202   0.177   0.380  2  ...       
 7570   0.060   0.102   0.162  2  ...       
 7571   0.087   0.141   0.229  2  ...       
 7572   0.060   0.109   0.169  2  ...       
 7573   0.126   0.208   0.335  2  ...       
 7574   0.054   0.100   0.154  2  ...       
 7575   0.054   0.109   0.162  2  ...       
 7576   0.054   0.111   0.166  2  ...       
 7577   0.051   0.120   0.171  2  ...       
 7578   0.250   0.156   0.406  2  ...       
 7579   0.051   0.090   0.141  2  ...       
 7580   0.066   0.090   0.156  2  ...       
 7581   0.064   0.096   0.160  2  ...       
 7582   0.126   0.123   0.250  2  ...       
 7583   0.066   0.096   0.162  2  ...       
 7584   0.069   0.093   0.162  2  ...       
 7585   0.060   0.108   0.168  2  ...       
 7586   0.079   0.132   0.210  2  ...       
 7587   0.072   0.078   0.150  2  ...       
 7588   0.048   0.123   0.171  2  ...       
 7589   0.183   0.102   0.285  2  ...       
 7590   0.069   0.108   0.177  2  ...       
 7591   0.067   0.162   0.229  2  ...       
 7592   0.266   0.090   0.356  2  ...       
 7593   0.078   0.204   0.282  2  ...       
 7594   0.078   0.141   0.220  2  ...       
 7595   0.051   0.057   0.108  2  ...       
 7596   0.073   0.126   0.199  2  ...       
 7597   0.050   0.129   0.179  2  ...       
 7598   0.039   0.056   0.096  2  ...       
 7599   0.036   0.072   0.108  2  ...       
 7600   0.175   0.162   0.336  2  ...       
 7601   0.045   0.045   0.090  2  ...       
 7602   0.067   0.054   0.120  2  ...       
 7603   0.058   0.045   0.104  2  ...       
 7604   0.071   0.083   0.155  2  ...       
 7605   0.387   0.273   0.660  2  ...       
 7606   0.093   0.114   0.207  2  ...       
 7607   0.047   0.099   0.146  2  ...       
 7608   0.081   0.120   0.201  2  ...       
 7609   0.084   0.147   0.231  2  ...       
 7610   0.072   0.153   0.225  2  ...       
 7611   0.047   0.102   0.150  2  ...       
 7612   0.065   0.105   0.170  2  ...       
 7613   0.090   0.126   0.215  2  ...       
 7614   0.069   0.087   0.155  2  ...       
 7615   0.110   0.105   0.216  2  ...       
 7616   0.093   0.108   0.200  2  ...       
 7617   0.067   0.129   0.195  2  ...       
 7618   0.063   0.078   0.141  2  ...       
 7619   0.058   0.117   0.175  2  ...       
 7620   0.087   0.267   0.354  2  ...       
 7621   0.171   0.201   0.372  2  ...       
 7622   0.097   0.109   0.206  3  C1        
 7623   0.061   0.073   0.133  3  ...       
 7624   0.070   0.082   0.153  3  ...       
 7625   0.058   0.074   0.133  3  ...       
 7626   0.081   0.120   0.200  3  ...       
 7627   0.079   0.164   0.242  3  ...       
 7628   0.085   0.165   0.250  3  ...       
 7629   0.095   0.145   0.241  3  ...       
 7630   0.065   0.105   0.169  3  ...       
 7631   0.081   0.094   0.176  3  ...       
 7632   0.040   0.107   0.147  3  ...       
 7633   0.064   0.087   0.152  2  ...       
 7634   0.070   0.076   0.146  2  ...       
 7635   0.054   0.146   0.199  2  ...       
 7636   0.397   0.226   0.623  2  ...       
 7637   0.067   0.071   0.138  2  ...       
 7638   0.037   0.083   0.120  2  ...       
 7639   0.064   0.139   0.202  2  ...       
 7640   0.057   0.141   0.199  2  ...       
 7641   0.081   0.096   0.177  2  ...       
 7642   0.082   0.114   0.195  2  ...       
 7643   0.066   0.132   0.199  2  ...       
 7644   0.112   0.090   0.203  2  ...       
 7645   0.075   0.146   0.221  2  ...       
 7646   0.129   0.139   0.268  2  ...       
 7647   0.054   0.079   0.133  2  ...       
 7648   0.064   0.130   0.193  2  ...       
 7649   0.060   0.126   0.187  2  ...       
 7650   0.088   0.132   0.220  2  ...       
 7651   0.072   0.206   0.278  2  ...       
 7652   0.060   0.106   0.166  2  ...       
 7653   0.051   0.093   0.145  2  ...       
 7654   0.069   0.100   0.169  2  ...       
 7655   0.072   0.073   0.146  2  ...       
 7656   0.057   0.055   0.112  2  ...       
 7657   0.061   0.064   0.125  2  ...       
 7658   0.066   0.105   0.172  2  ...       
 7659   0.111   0.103   0.214  2  ...       
 7660   0.067   0.154   0.221  2  ...       
 7661   0.063   0.151   0.214  2  ...       
 7662   0.069   0.126   0.196  2  ...       
 7663   0.048   0.067   0.115  2  ...       
 7664   0.063   0.102   0.166  2  ...       
 7665   0.048   0.132   0.181  2  ...       
 7666   0.048   0.111   0.159  2  ...       
 7667   0.066   0.124   0.190  2  ...       
 7668   0.069   0.139   0.208  2  ...       
 7669   0.060   0.103   0.163  2  ...       
 7670   0.075   0.090   0.166  2  ...       
 7671   0.159   0.240   0.400  2  ...       
 7672   0.075   0.120   0.196  2  ...       
 7673   0.091   0.095   0.187  2  ...       
 7674   0.075   0.153   0.229  2  ...       
 7675   0.057   0.073   0.130  2  ...       
 7676   0.057   0.108   0.165  2  ...       
 7677   0.072   0.105   0.177  2  ...       
 7678   0.075   0.121   0.197  2  ...       
 7679   0.060   0.130   0.190  2  ...       
 7680   0.072   0.141   0.213  2  ...       
 7681   0.038   0.075   0.112  2  ...       
 7682   0.041   0.083   0.124  2  ...       
 7683   0.069   0.090   0.160  2  ...       
 7684   0.057   0.047   0.103  2  ...       
 7685   0.038   0.054   0.091  2  ...       
 7686   0.063   0.090   0.154  2  ...       
 7687   0.049   0.109   0.157  2  ...       
 7688   0.054   0.084   0.139  2  ...       
 7689   0.042   0.072   0.114  2  ...       
 7690   0.052   0.069   0.121  2  ...       
 7691   0.054   0.111   0.166  2  ...       
 7692   0.118   0.132   0.250  2  ...       
 7693   0.093   0.166   0.258  2  ...       
 7694   0.051   0.103   0.154  2  ...       
 7695   0.072   0.132   0.205  2  ...       
 7696   0.075   0.150   0.226  2  ...       
 7697   0.048   0.174   0.222  2  ...       
 7698   0.075   0.186   0.262  2  ...       
 7699   0.063   0.120   0.183  2  ...       
 7700   0.075   0.105   0.181  2  ...       
 7701   0.066   0.072   0.127  2  ...       
 7702   0.039   0.071   0.110  2  ...       
 7703   0.105   0.162   0.267  2  ...       
 7704   0.382   0.258   0.640  2  ...       
 7705   0.237   0.150   0.387  2  ...       
 7706   0.060   0.163   0.223  2  ...       
 7707   0.072   0.121   0.194  2  ...       
 7708   0.096   0.157   0.252  2  ...       
 7709   0.072   0.096   0.167  2  ...       
 7710   0.044   0.062   0.105  2  ...       
 7711   0.058   0.088   0.147  2  ...       
 7712   0.102   0.099   0.200  2  ...       
 7713   0.063   0.087   0.149  2  ...       
 7714   0.066   0.117   0.183  2  ...       
 7715   0.069   0.072   0.141  2  ...       
 7716   0.041   0.055   0.096  2  ...       
 7717   0.048   0.068   0.117  2  ...       
 7718   0.045   0.090   0.135  2  ...       
 7719   0.043   0.065   0.108  2  ...       
 7720   0.051   0.102   0.153  2  ...       
 7721   0.048   0.105   0.153  2  ...       
 7722   0.075   0.120   0.195  2  ...       
 7723   0.065   0.082   0.147  2  ...       
 7724   0.083   0.278   0.135  2  ...       
 7725   0.072   0.150   0.221  2  ...       
 7726   0.114   0.130   0.243  2  ...       
 7727   0.049   0.045   0.094  2  ...       
 7728   0.063   0.164   0.227  2  ...       
 7729   0.048   0.113   0.162  2  ...       
 7730   0.072   0.137   0.209  2  ...       
 7731   0.119   0.075   0.194  2  ...       
 7732   0.045   0.036   0.081  2  ...       
 7733   0.035   0.087   0.123  2  ...       
 7734   0.050   0.096   0.146  2  ...       
 7735   0.072   0.113   0.185  2  ...       
 7736   0.060   0.128   0.188  2  ...       
 7737   0.236   0.220   0.456  2  ...       
 7738   0.056   0.113   0.170  2  ...       
 7739   0.071   0.037   0.109  2  ...       
 7740   0.064   0.060   0.124  2  ...       
 7741   0.063   0.119   0.182  2  ...       
 7742   0.057   0.095   0.152  2  ...       
 7743   0.061   0.070   0.131  2  ...       
 7744   0.065   0.167   0.232  2  ...       
 7745   0.126   0.170   0.295  2  ...       
 7746   0.101   0.130   0.230  2  ...       
 7747   0.049   0.080   0.128  2  ...       
 7748   0.060   0.119   0.179  2  ...       
 7749   0.080   0.122   0.202  2  ...       
 7750   0.101   0.164   0.266  2  ...       
 7751   0.074   0.147   0.220  2  ...       
 7752   0.087   0.080   0.167  2  ...       
 7753   0.068   0.089   0.157  2  ...       
 7754   0.045   0.104   0.148  2  ...       
 7755   0.144   0.169   0.313  2  ...       
 7756   0.137   0.113   0.250  2  ...       
 7757   0.045   0.086   0.131  2  ...       
 7758   0.083   0.153   0.236  2  ...       
 7759   0.063   0.102   0.164  2  ...       
 7760   0.060   0.089   0.149  2  ...       
 7761   0.045   0.113   0.158  2  ...       
 7762   0.066   0.104   0.170  2  ...       
 7763   0.065   0.101   0.167  2  ...       
 7764   0.087   0.117   0.203  2  ...       
 7765   0.063   0.113   0.176  2  ...       
 7766   0.050   0.075   0.125  2  ...       
 7767   0.063   0.104   0.167  2  ...       
 7768   0.072   0.140   0.211  2  ...       
 7769   0.060   0.119   0.178  2  ...       
 7770   0.090   0.134   0.224  2  ...       
 7771   0.054   0.095   0.149  2  ...       
 7772   0.119   0.143   0.262  2  ...       
 7773   0.063   0.078   0.140  2  ...       
 7774   0.066   0.102   0.167  2  ...       
 7775   0.074   0.113   0.188  2  ...       
 7776   0.069   0.116   0.185  2  ...       
 7777   0.054   0.080   0.134  2  ...       
 7778   0.056   0.068   0.124  2  ...       
 7779   0.056   0.124   0.181  2  ...       
 7780   0.072   0.101   0.173  2  ...       
 7781   0.063   0.102   0.164  2  ...       
 7782   0.063   0.075   0.138  2  ...       
 7783   0.057   0.131   0.188  2  ...       
 7784   0.063   0.119   0.182  2  ...       
 7785   0.068   0.095   0.163  2  ...       
 7786   0.068   0.098   0.166  2  ...       
 7787   0.131   0.137   0.268  2  ...       
 7788   0.065   0.166   0.231  2  ...       
 7789   0.068   0.142   0.212  2  ...       
 7790   0.140   0.200   0.341  2  ...       
 7791   0.069   0.072   0.141  2  ...       
 7792   0.066   0.119   0.185  2  ...       
 7793   0.073   0.170   0.242  1  ...       
 7794   0.212   0.218   0.430  1  ...       
 7795   0.060   0.085   0.145  1  ...       
 7796   0.066   0.097   0.163  1  ...       
 7797   0.050   0.056   0.106  2  C2R       
 7798   0.037   0.072   0.109  2  ...       
 7799   0.058   0.083   0.141  2  ...       
 7800   0.071   0.134   0.204  2  ...       
 7801   0.120   0.117   0.237  2  ...       
 7802   0.078   0.153   0.231  2  ...       
 7803   0.069   0.104   0.172  2  ...       
 7804   0.052   0.100   0.151  2  ...       
 7805   0.048   0.126   0.175  2  ...       
 7806   0.092   0.135   0.227  2  ...       
 7807   0.057   0.078   0.136  2  ...       
 7808   0.062   0.113   0.175  2  ...       
 7809   0.066   0.097   0.163  2  ...       
 7810   0.063   0.082   0.145  2  ...       
 7811   0.064   0.102   0.167  2  ...       
 7812   0.084   0.109   0.192  2  ...       
 7813   0.060   0.118   0.178  2  ...       
 7814   0.045   0.100   0.145  2  ...       
 7815   0.038   0.073   0.112  2  ...       
 7816   0.081   0.141   0.222  2  ...       
 7817   0.052   0.065   0.116  2  ...       
 7818   0.038   0.046   0.083  2  ...       
 7819   0.054   0.107   0.160  2  ...       
 7820   0.068   0.060   0.128  2  ...       
 7821   0.054   0.138   0.192  2  ...       
 7822   0.075   0.109   0.183  2  ...       
 7823   0.056   0.090   0.146  2  ...       
 7824   0.045   0.099   0.144  2  ...       
 7825   0.057   0.104   0.162  2  ...       
 7826   0.067   0.093   0.160  2  ...       
 7827   0.061   0.073   0.134  2  ...       
 7828   0.060   0.063   0.123  2  ...       
 7829   0.079   0.120   0.199  2  ...       
 7830   0.102   0.146   0.248  2  ...       
 7831   0.076   0.116   0.192  2  ...       
 7832   0.057   0.108   0.165  2  ...       
 7833   0.039   0.081   0.121  2  ...       
 7834   0.046   0.072   0.117  2  ...       
 7835   0.063   0.111   0.174  2  ...       
 7836   0.049   0.152   0.201  2  ...       
 7837   0.059   0.071   0.130  2  ...       
 7838   0.045   0.096   0.141  2  ...       
 7839   0.104   0.086   0.190  2  ...       
 7840   0.042   0.068   0.109  2  ...       
 7841   0.052   0.142   0.194  2  ...       
 7842   0.102   0.077   0.178  2  ...       
 7843   0.051   0.129   0.180  2  ...       
 7844   0.071   0.093   0.164  2  ...       
 7845   0.051   0.065   0.117  2  ...       
 7846   0.072   0.141   0.213  2  ...       
 7847   0.043   0.164   0.207  2  ...       
 7848   0.057   0.105   0.162  2  ...       
 7849   0.068   0.133   0.201  2  ...       
 7850   0.047   0.110   0.157  2  ...       
 7851   0.074   0.182   0.256  2  ...       
 7852   0.096   0.177   0.273  2  ...       
 7853   0.053   0.155   0.208  2  ...       
 7854   0.069   0.184   0.253  2  ...       
 7855   0.110   0.176   0.286  2  ...       
 7856   0.060   0.148   0.208  2  ...       
 7857   0.066   0.098   0.164  2  ...       
 7858   0.065   0.194   0.259  2  ...       
 7859   0.097   0.224   0.320  2  ...       
 7860   0.120   0.160   0.280  2  ...       
 7861   0.060   0.103   0.164  2  ...       
 7862   0.051   0.134   0.185  2  ...       
 7863   0.102   0.153   0.255  2  ...       
 7864   0.087   0.153   0.239  2  ...       
 7865   0.097   0.102   0.199  2  ...       
 7866   0.064   0.083   0.147  2  ...       
 7867   0.060   0.135   0.196  2  ...       
 7868   0.171   0.183   0.355  2  ...       
 7869   0.094   0.118   0.212  2  ...       
 7870   0.077   0.169   0.246  2  ...       
 7871   0.064   0.190   0.254  2  ...       
 7872   0.067   0.138   0.204  2  ...       
 7873   0.061   0.130   0.191  2  ...       
 7874   0.053   0.121   0.173  2  ...       
 7875   0.063   0.102   0.166  2  ...       
 7876   0.042   0.100   0.142  2  ...       
 7877   0.079   0.188   0.267  2  ...       
 7878   0.074   0.202   0.276  2  ...       
 7879   0.068   0.160   0.228  2  ...       
 7880   0.100   0.183   0.282  2  ...       
 7881   0.083   0.158   0.241  2  ...       
 7882   0.081   0.120   0.201  2  ...       
 7883   0.100   0.107   0.207  2  ...       
 7884   0.097   0.136   0.233  2  ...       
 7885   0.085   0.132   0.216  2  ...       
 7886   0.090   0.106   0.196  2  ...       
 7887   0.072   0.113   0.185  2  ...       
 7888   0.091   0.144   0.236  2  ...       
 7889   0.083   0.130   0.212  2  ...       
 7890   0.079   0.135   0.215  2  ...       
 7891   0.112   0.109   0.221  2  ...       
 7892   0.072   0.105   0.176  2  ...       
 7893   0.060   0.146   0.206  2  ...       
 7894   0.068   0.111   0.179  2  ...       
 7895   0.067   0.164   0.231  2  ...       
 7896   0.135   0.177   0.312  2  ...       
 7897   0.061   0.120   0.181  2  ...       
 7898   0.041   0.153   0.194  2  ...       
 7899   0.057   0.148   0.205  2  ...       
 7900   0.062   0.137   0.199  2  ...       
 7901   0.090   0.132   0.221  2  ...       
 7902   0.083   0.169   0.252  2  ...       
 7903   0.080   0.118   0.199  2  ...       
 7904   0.088   0.153   0.241  2  ...       
 7905   0.063   0.124   0.187  2  ...       
 7906   0.075   0.097   0.173  2  ...       
 7907   0.197   0.159   0.355  2  ...       
 7908   0.067   0.103   0.170  2  ...       
 7909   0.089   0.116   0.204  2  ...       
 7910   0.097   0.137   0.234  2  ...       
 7911   0.091   0.144   0.235  2  ...       
 7912   0.072   0.178   0.250  2  ...       
 7913   0.132   0.154   0.287  2  ...       
 7914   0.086   0.140   0.226  2  ...       
 7915   0.074   0.159   0.233  2  ...       
 7916   0.080   0.174   0.253  2  ...       
 7917   0.151   0.132   0.283  2  ...       
 7918   0.058   0.120   0.180  2  ...       
 7919   0.091   0.129   0.220  2  ...       
 7920   0.068   0.210   0.278  2  ...       
 7921   0.113   0.207   0.319  2  ...       
 7922   0.134   0.195   0.328  2  ...       
 7923   0.653   0.305   0.958  1  ...       
 7924   0.050   0.163   0.213  1  ...       
 7925   0.138   0.231   0.369  1  ...       
 7926   0.170   0.103   0.273  1  ...       
 7927   0.064   0.089   0.153  1  ...       
 7928   0.064   0.138   0.202  1  ...       
 7929   0.039   0.206   0.245  1  ...       
 7930   0.227   0.245   0.472  1  ...       
 7931   0.170   0.209   0.380  1  ...       
 7932   0.323   0.302   0.625  1  ...       
 7933   0.099   0.174   0.273  1  ...       
 7934   0.071   0.188   0.259  1  ...       
 7935   0.103   0.178   0.280  1  ...       
 7936   0.227   0.153   0.380  1  ...       
 7937   0.224   0.149   0.373  1  ...       
 7938   0.050   0.167   0.217  1  ...       
 7939   0.203   0.273   0.476  2  C3L       
 7940   0.187   0.134   0.322  2  ...       
 7941   0.111   0.125   0.235  2  ...       
 7942   0.098   0.147   0.245  2  ...       
 7943   0.199   0.179   0.378  2  ...       
 7944   0.137   0.204   0.341  2  ...       
 7945   0.113   0.142   0.255  2  ...       
 7946   0.137   0.126   0.262  2  ...       
 7947   0.084   0.123   0.206  2  ...       
 7948   0.115   0.135   0.250  2  ...       
 7949   0.102   0.090   0.192  2  ...       
 7950   0.080   0.146   0.227  2  ...       
 7951   0.117   0.161   0.279  2  ...       
 7952   0.070   0.121   0.192  2  ...       
 7953   0.120   0.139   0.259  2  ...       
 7954   0.059   0.146   0.205  2  ...       
 7955   0.139   0.160   0.299  2  ...       
 7956   0.139   0.206   0.345  2  ...       
 7957   0.248   0.223   0.471  2  ...       
 7958   0.067   0.136   0.203  2  ...       
 7959   0.260   0.218   0.479  2  ...       
 7960   0.339   0.213   0.552  2  ...       
 7961   0.200   0.213   0.413  2  ...       
 7962   0.123   0.177   0.299  2  ...       
 7963   0.157   0.206   0.363  2  ...       
 7964   0.197   0.241   0.438  2  ...       
 7965   0.196   0.171   0.366  2  ...       
 7966   0.115   0.136   0.250  2  ...       
 7967   0.067   0.181   0.248  2  ...       
 7968   0.345   0.158   0.503  2  ...       
 7969   0.174   0.127   0.300  2  ...       
 7970   0.108   0.139   0.246  2  ...       
 7971   0.144   0.167   0.312  2  ...       
 7972   0.163   0.178   0.342  2  ...       
 7973   0.106   0.128   0.235  2  ...       
 7974   0.062   0.096   0.158  2  ...       
 7975   0.109   0.212   0.322  2  ...       
 7976   0.131   0.183   0.314  2  ...       
 7977   0.073   0.133   0.206  2  ...       
 7978   0.076   0.157   0.234  2  ...       
 7979   0.389   0.170   0.559  2  ...       
 7980   0.206   0.208   0.415  2  ...       
 7981   0.190   0.075   0.266  2  ...       
 7982   0.104   0.134   0.239  2  ...       
 7983   0.159   0.145   0.304  2  ...       
 7984   0.250   0.219   0.469  2  ...       
 7985   0.281   0.269   0.550  2  ...       
 7986   0.294   0.213   0.508  2  ...       
 7987   0.449   0.277   0.726  2  ...       
 7988   0.391   0.208   0.599  2  ...       
 7989   0.141   0.124   0.266  2  ...       
 7990   0.189   0.228   0.419  2  ...       
 7991   0.361   0.287   0.648  2  ...       
 7992   0.118   0.148   0.266  2  ...       
 7993   0.085   0.170   0.256  2  ...       
 7994   0.146   0.135   0.281  2  ...       
 7995   0.148   0.193   0.341  2  ...       
 7996   0.100   0.185   0.284  2  ...       
 7997   0.099   0.181   0.280  2  ...       
 7998   0.160   0.153   0.312  2  ...       
 7999   0.284   0.216   0.500  2  ...       
 8000   0.105   0.153   0.257  2  ...       
 8001   0.196   0.150   0.346  2  ...       
 8002   0.085   0.091   0.176  2  ...       
 8003   0.335   0.242   0.576  2  ...       
 8004   0.080   0.129   0.210  2  ...       
 8005   0.122   0.175   0.297  2  ...       
 8006   0.168   0.112   0.280  2  ...       
 8007   0.071   0.090   0.161  2  ...       
 8008   0.493   0.272   0.766  2  ...       
 8009   0.357   0.316   0.673  2  ...       
 8010   0.227   0.231   0.458  2  ...       
 8011   0.215   0.231   0.445  1  ...       
 8012   0.175   0.271   0.446  1  ...       
 8013   0.080   0.112   0.191  1  ...       
 8014   0.191   0.159   0.351  1  ...       
 8015   0.120   0.263   0.382  1  ...       
 8016   0.143   0.223   0.367  1  ...       
 8017   0.127   0.239   0.367  1  ...       
 8018   0.319   0.151   0.470  1  ...       
 8019   0.104   0.151   0.255  1  ...       
 8020   0.064   0.143   0.207  1  ...       
 8021   0.096   0.167   0.263  1  ...       
 8022   0.199   0.231   0.430  1  ...       
 8023   0.143   0.231   0.374  1  ...       
 8024   0.088   0.175   0.263  1  ...       
 8025   0.167   0.198   0.365  1  ...       
 8026   0.159   0.151   0.310  1  ...       
 8027   0.103   0.175   0.278  1  ...       
 8028   0.127   0.151   0.278  1  ...       
 8029   0.079   0.095   0.175  1  ...       
 8030   0.214   0.135   0.349  1  ...       
 8031   0.344   0.100   0.444  1  ...       
 8032   0.073   0.150   0.223  1  ...       
 8033   0.246   0.183   0.429  1  ...       
 8034   0.183   0.254   0.437  1  ...       
 8035   0.135   0.159   0.294  1  ...       
 8036   0.238   0.135   0.373  1  ...       
 8037   0.372   0.182   0.553  1  ...       
 8038   0.071   0.150   0.221  1  ...       
 8039   0.079   0.134   0.213  1  ...       
 8040   0.221   0.198   0.419  1  ...       
 8041   0.134   0.182   0.316  1  ...       
 8042   0.332   0.229   0.561  1  ...       
 8043   0.190   0.174   0.364  1  ...       
 8044   0.126   0.079   0.206  1  ...       
 8045   0.103   0.142   0.245  1  ...       
 8046   0.079   0.119   0.198  1  ...       
 8047   0.174   0.166   0.340  1  ...       
 8048   0.119   0.150   0.269  1  ...       
 8049   0.151   0.238   0.389  1  ...       
 8050   0.127   0.127   0.254  1  ...       
 8051   0.079   0.119   0.198  1  ...       
 8052   0.198   0.214   0.413  1  ...       
 8053   0.151   0.111   0.262  1  ...       
 8054   0.127   0.167   0.294  1  ...       
 8055   0.071   0.151   0.222  1  ...       
 8056   0.175   0.198   0.373  1  ...       
 8057   0.286   0.262   0.548  1  ...       
 8058   0.119   0.206   0.325  1  ...       
 8059   0.103   0.167   0.270  1  ...       
 8060   0.175   0.214   0.389  1  ...       
 8061   0.386   0.252   0.638  1  ...       
 8062   0.126   0.173   0.299  1  ...       
 8063   0.339   0.173   0.512  1  ...       
 8064   0.269   0.306   0.575  2  D1        
 8065   0.127   0.144   0.271  2  ...       
 8066   0.100   0.176   0.275  2  ...       
 8067   0.179   0.153   0.331  2  ...       
 8068   0.063   0.124   0.187  2  ...       
 8069   0.156   0.160   0.315  2  ...       
 8070   0.143   0.139   0.283  2  ...       
 8071   0.123   0.152   0.275  2  ...       
 8072   0.095   0.123   0.219  2  ...       
 8073   0.047   0.064   0.111  2  ...       
 8074   0.095   0.075   0.171  2  ...       
 8075   0.100   0.144   0.242  2  ...       
 8076   0.342   0.220   0.562  2  ...       
 8077   0.270   0.227   0.498  2  ...       
 8078   0.123   0.103   0.227  2  ...       
 8079   0.204   0.168   0.371  2  ...       
 8080   0.123   0.072   0.195  2  ...       
 8081   0.163   0.112   0.275  2  ...       
 8082   0.164   0.160   0.323  2  ...       
 8083   0.133   0.170   0.303  2  ...       
 8084   0.260   0.188   0.448  2  ...       
 8085   0.185   0.136   0.321  2  ...       
 8086   0.136   0.196   0.332  2  ...       
 8087   0.141   0.141   0.280  2  ...       
 8088   0.188   0.200   0.387  2  ...       
 8089   0.200   0.212   0.413  2  ...       
 8090   0.236   0.136   0.371  2  ...       
 8091   0.108   0.116   0.224  2  ...       
 8092   0.075   0.124   0.199  2  ...       
 8093   0.183   0.156   0.339  2  ...       
 8094   0.156   0.204   0.359  2  ...       
 8095   0.167   0.184   0.351  2  ...       
 8096   0.187   0.183   0.370  2  ...       
 8097   0.144   0.195   0.338  2  ...       
 8098   0.120   0.152   0.271  2  ...       
 8099   0.135   0.215   0.350  2  ...       
 8100   0.111   0.160   0.271  2  ...       
 8101   0.199   0.163   0.361  2  ...       
 8102   0.171   0.199   0.371  2  ...       
 8103   0.215   0.168   0.383  2  ...       
 8104   0.155   0.172   0.327  2  ...       
 8105   0.399   0.219   0.618  2  ...       
 8106   0.153   0.193   0.345  2  ...       
 8107   0.076   0.148   0.225  2  ...       
 8108   0.285   0.201   0.486  2  ...       
 8109   0.405   0.253   0.659  2  ...       
 8110   0.229   0.185   0.414  2  ...       
 8111   0.252   0.197   0.450  2  ...       
 8112   0.338   0.185   0.523  1  ...       
 8113   0.089   0.137   0.225  1  ...       
 8114   0.145   0.161   0.306  1  ...       
 8115   0.290   0.217   0.507  1  ...       
 8116   0.209   0.201   0.410  1  ...       
 8117   0.233   0.185   0.419  1  ...       
 8118   0.370   0.177   0.547  1  ...       
 8119   0.169   0.209   0.378  1  ...       
 8120   0.064   0.193   0.258  1  ...       
 8121   0.193   0.290   0.483  1  ...       
 8122   0.129   0.177   0.305  1  ...       
 8123   0.088   0.217   0.305  1  ...       
 8124   0.161   0.153   0.313  1  ...       
 8125   0.330   0.088   0.418  1  ...       
 8126   0.233   0.137   0.369  1  ...       
 8127   0.129   0.201   0.329  1  ...       
 8128   0.088   0.305   0.394  1  ...       
 8129   0.080   0.209   0.289  1  ...       
 8130   0.137   0.273   0.410  1  ...       
 8131   0.137   0.361   0.498  1  ...       
 8132   0.056   0.112   0.169  1  ...       
 8133   0.257   0.201   0.458  1  ...       
 8134   0.402   0.201   0.602  1  ...       
 8135   0.088   0.080   0.169  1  ...       
 8136   0.080   0.169   0.249  1  ...       
 8137   0.080   0.096   0.177  1  ...       
 8138   0.177   0.281   0.458  1  ...       
 8139   0.153   0.225   0.378  1  ...       
 8140   0.386   0.233   0.618  1  ...       
 8141   0.177   0.201   0.378  1  ...       
 8142   0.265   0.201   0.466  1  ...       
 8143   0.185   0.193   0.378  1  ...       
 8144   0.444   0.286   0.730  1  ...       
 8145   0.135   0.151   0.286  1  ...       
 8146   0.119   0.143   0.262  1  ...       
 8147   0.143   0.206   0.349  1  ...       
 8148   0.175   0.159   0.333  1  ...       
 8149   0.111   0.183   0.294  1  ...       
 8150   0.230   0.206   0.437  1  ...       
 8151   0.262   0.286   0.548  1  ...       
 8152   0.119   0.175   0.294  1  ...       
 8153   0.095   0.222   0.317  1  ...       
 8154   0.119   0.287   0.406  1  ...       
 8155   0.232   0.184   0.417  1  ...       
 8156   0.200   0.240   0.441  1  ...       
 8157   0.257   0.176   0.433  1  ...       
 8158   0.168   0.192   0.361  1  ...       
 8159   0.120   0.192   0.313  1  ...       
 8160   0.128   0.104   0.232  1  ...       
 8161   0.152   0.184   0.337  1  ...       
 8162   0.168   0.168   0.337  1  ...       
 8163   0.168   0.152   0.321  1  ...       
 8164   0.248   0.248   0.497  1  ...       
 8165   0.230   0.159   0.389  1  ...       
 8166   0.159   0.143   0.302  1  ...       
 8167   0.087   0.135   0.222  1  ...       
 8168   0.127   0.095   0.222  1  ...       
 8169   0.095   0.127   0.222  1  ...       
 8170   0.204   0.204   0.407  2  D2        
 8171   0.104   0.220   0.324  2  ...       
 8172   0.156   0.152   0.308  2  ...       
 8173   0.144   0.188   0.332  2  ...       
 8174   0.176   0.164   0.340  2  ...       
 8175   0.076   0.160   0.236  2  ...       
 8176   0.140   0.305   0.445  2  ...       
 8177   0.100   0.171   0.271  2  ...       
 8178   0.192   0.216   0.409  2  ...       
 8179   0.132   0.241   0.373  2  ...       
 8180   0.076   0.192   0.269  2  ...       
 8181   0.164   0.289   0.452  2  ...       
 8182   0.212   0.176   0.387  2  ...       
 8183   0.060   0.104   0.164  2  ...       
 8184   0.088   0.135   0.224  2  ...       
 8185   0.120   0.172   0.292  2  ...       
 8186   0.123   0.196   0.320  2  ...       
 8187   0.145   0.134   0.280  2  ...       
 8188   0.094   0.067   0.160  2  ...       
 8189   0.080   0.196   0.276  2  ...       
 8190   0.176   0.160   0.336  2  ...       
 8191   0.064   0.140   0.204  2  ...       
 8192   0.108   0.180   0.288  2  ...       
 8193   0.096   0.116   0.212  2  ...       
 8194   0.068   0.183   0.252  2  ...       
 8195   0.076   0.252   0.328  2  ...       
 8196   0.240   0.164   0.404  2  ...       
 8197   0.076   0.124   0.199  2  ...       
 8198   0.072   0.068   0.139  2  ...       
 8199   0.072   0.120   0.192  2  ...       
 8200   0.088   0.096   0.183  2  ...       
 8201   0.100   0.096   0.196  2  ...       
 8202   0.068   0.171   0.240  2  ...       
 8203   0.414   0.267   0.681  2  ...       
 8204   0.359   0.191   0.550  2  ...       
 8205   0.100   0.120   0.219  2  ...       
 8206   0.219   0.207   0.426  2  ...       
 8207   0.120   0.132   0.251  2  ...       
 8208   0.091   0.120   0.211  2  ...       
 8209   0.079   0.163   0.243  2  ...       
 8210   0.203   0.139   0.342  2  ...       
 8211   0.116   0.183   0.299  2  ...       
 8212   0.083   0.147   0.231  2  ...       
 8213   0.072   0.132   0.203  2  ...       
 8214   0.068   0.112   0.179  2  ...       
 8215   0.067   0.075   0.144  2  ...       
 8216   0.104   0.127   0.230  2  ...       
 8217   0.106   0.159   0.265  2  ...       
 8218   0.086   0.103   0.188  2  ...       
 8219   0.097   0.090   0.188  2  ...       
 8220   0.095   0.162   0.257  2  ...       
 8221   0.255   0.139   0.394  2  ...       
 8222   0.164   0.211   0.374  2  ...       
 8223   0.105   0.139   0.244  2  ...       
 8224   0.082   0.134   0.217  2  ...       
 8225   0.127   0.167   0.294  2  ...       
 8226   0.127   0.204   0.331  2  ...       
 8227   0.127   0.187   0.315  2  ...       
 8228   0.155   0.139   0.294  2  ...       
 8229   0.255   0.223   0.478  2  ...       
 8230   0.064   0.151   0.215  2  ...       
 8231   0.060   0.108   0.167  2  ...       
 8232   0.060   0.091   0.151  2  ...       
 8233   0.163   0.151   0.314  2  ...       
 8234   0.238   0.203   0.442  2  ...       
 8235   0.116   0.223   0.338  2  ...       
 8236   0.255   0.163   0.418  2  ...       
 8237   0.131   0.111   0.243  2  ...       
 8238   0.127   0.131   0.258  2  ...       
 8239   0.111   0.143   0.254  2  ...       
 8240   0.191   0.179   0.369  2  ...       
 8241   0.124   0.179   0.302  2  ...       
 8242   0.155   0.124   0.278  2  ...       
 8243   0.766   0.120   0.886  1  ...       
 8244   0.176   0.184   0.359  1  ...       
 8245   0.160   0.168   0.327  1  ...       
 8246   0.072   0.176   0.248  1  ...       
 8247   0.088   0.096   0.184  1  ...       
 8248   0.192   0.128   0.319  1  ...       
 8249   0.503   0.160   0.663  1  ...       
 8250   0.117   0.225   0.343  2  D3        
 8251   0.181   0.154   0.335  2  ...       
 8252   0.398   0.183   0.581  2  ...       
 8253   0.115   0.176   0.291  2  ...       
 8254   0.106   0.108   0.214  2  ...       
 8255   0.137   0.132   0.267  2  ...       
 8256   0.282   0.145   0.427  2  ...       
 8257   0.169   0.125   0.294  2  ...       
 8258   0.151   0.157   0.308  2  ...       
 8259   0.214   0.188   0.402  2  ...       
 8260   0.155   0.152   0.307  2  ...       
 8261   0.116   0.159   0.275  2  ...       
 8262   0.274   0.192   0.465  2  ...       
 8263   0.384   0.326   0.711  2  ...       
 8264   0.096   0.125   0.221  2  ...       
 8265   0.299   0.175   0.474  2  ...       
 8266   0.250   0.120   0.369  2  ...       
 8267   0.145   0.171   0.315  2  ...       
 8268   0.164   0.191   0.354  2  ...       
 8269   0.176   0.095   0.271  2  ...       
 8270   0.084   0.108   0.193  2  ...       
 8271   0.273   0.160   0.433  2  ...       
 8272   0.104   0.167   0.271  2  ...       
 8273   0.172   0.148   0.320  2  ...       
 8274   0.148   0.155   0.303  2  ...       
 8275   0.094   0.135   0.229  2  ...       
 8276   0.214   0.207   0.421  2  ...       
 8277   0.164   0.141   0.304  2  ...       
 8278   0.204   0.159   0.363  2  ...       
 8279   0.104   0.060   0.164  2  ...       
 8280   0.058   0.101   0.160  2  ...       
 8281   0.097   0.191   0.288  2  ...       
 8282   0.261   0.194   0.455  2  ...       
 8283   0.424   0.220   0.645  2  ...       
 8284   0.177   0.096   0.273  2  ...       
 8285   0.164   0.183   0.347  2  ...       
 8286   0.186   0.247   0.433  2  ...       
 8287   0.225   0.172   0.397  2  ...       
 8288   0.231   0.208   0.439  2  ...       
 8289   0.242   0.171   0.413  2  ...       
 8290   0.131   0.209   0.340  2  ...       
 8291   0.160   0.199   0.359  2  ...       
 8292   0.304   0.233   0.537  2  ...       
 8293   0.186   0.190   0.377  2  ...       
 8294   0.125   0.160   0.285  2  ...       
 8295   0.167   0.161   0.327  2  ...       
 8296   0.261   0.175   0.436  2  ...       
 8297   0.137   0.164   0.300  2  ...       
 8298   0.211   0.159   0.370  2  ...       
 8299   0.256   0.188   0.443  2  ...       
 8300   0.292   0.229   0.521  3  E1        
 8301   0.238   0.153   0.390  3  ...       
 8302   0.126   0.238   0.364  3  ...       
 8303   0.240   0.189   0.429  3  ...       
 8304   0.283   0.175   0.458  3  ...       
 8305   0.088   0.183   0.270  3  ...       
 8306   0.360   0.196   0.555  3  ...       
 8307   0.458   0.205   0.665  3  ...       
 8308   0.177   0.197   0.374  3  ...       
 8309   0.179   0.164   0.344  3  ...       
 8310   0.377   0.165   0.543  3  ...       
 8311   0.291   0.205   0.496  3  ...       
 8312   0.346   0.153   0.499  3  ...       
 8313   0.307   0.211   0.518  3  ...       
 8314   0.237   0.152   0.388  3  ...       
 8315   0.136   0.233   0.369  3  ...       
 8316   0.309   0.182   0.491  3  ...       
 8317   0.169   0.159   0.327  3  ...       
 8318   0.452   0.222   0.675  3  ...       
 8319   0.557   0.288   0.845  3  ...       
 8320   0.316   0.183   0.498  3  ...       
 8321   0.328   0.240   0.568  3  ...       
 8322   0.279   0.202   0.481  3  ...       
 8323   0.948   0.279   1.227  3  ...       
 8324   0.342   0.284   0.626  3  ...       
 8325   0.271   0.383   0.655  2  ...       
 8326   0.518   0.237   0.756  2  ...       
 8327   0.196   0.209   0.405  2  ...       
 8328   0.482   0.357   0.839  2  ...       
 8329   0.391   0.360   0.752  2  ...       
 8330   0.763   0.277   1.041  2  ...       
 8331   0.271   0.312   0.581  2  ...       
 8332   0.400   0.304   0.705  2  ...       
 8333   0.199   0.229   0.427  2  ...       
 8334   0.299   0.112   0.412  2  ...       
 8335   0.071   0.123   0.193  2  ...       
 8336   0.201   0.142   0.345  2  ...       
 8337   0.213   0.246   0.460  2  ...       
 8338   0.712   0.198   0.910  2  ...       
 8339   0.397   0.308   0.706  2  ...       
 8340   0.273   0.345   0.618  2  ...       
 8341   0.692   0.255   0.947  2  ...       
 8342   0.271   0.227   0.498  2  ...       
 8343   0.322   0.251   0.574  2  ...       
 8344   0.660   0.250   0.910  2  ...       
 8345   0.404   0.273   0.677  2  ...       
 8346   0.253   0.190   0.442  2  ...       
 8347   0.252   0.271   0.523  2  ...       
 8348   0.500   0.232   0.732  2  ...       
 8349   0.573   0.207   0.780  3  E2        
 8350   0.685   0.244   0.929  3  ...       
 8351   0.516   0.279   0.794  3  ...       
 8352   0.306   0.165   0.471  3  ...       
 8353   0.258   0.220   0.479  3  ...       
 8354   0.419   0.381   0.800  3  ...       
 8355   0.177   0.198   0.376  3  ...       
 8356   0.164   0.229   0.393  3  ...       
 8357   0.468   0.346   0.813  3  ...       
 8358   0.313   0.281   0.594  3  ...       
 8359   0.639   0.317   0.956  3  ...       
 8360   0.316   0.203   0.519  3  ...       
 8361   0.350   0.237   0.588  3  ...       
 8362   0.246   0.181   0.427  3  ...       
 8363   0.226   0.183   0.409  3  ...       
 8364   0.256   0.206   0.461  3  ...       
 8365   0.255   0.193   0.448  3  ...       
 8366   0.132   0.203   0.335  3  ...       
 8367   0.191   0.172   0.363  3  ...       
 8368   0.098   0.111   0.209  3  ...       
 8369   0.424   0.259   0.683  3  ...       
 8370   0.863   0.274   1.137  3  ...       
 8371   0.513   0.231   0.744  3  ...       
 8372   0.778   0.222   1.000  3  ...       
 8373   0.404   0.323   0.727  2  ...       
 8374   1.206   0.280   1.486  2  ...       
 8375   0.684   0.255   0.939  2  ...       
 8376   0.466   0.386   0.852  2  ...       
 8377   0.609   0.292   0.903  2  ...       
 8378   0.155   0.199   0.354  2  ...       
 8379   0.485   0.248   0.734  2  ...       
 8380   0.212   0.261   0.473  2  ...       
 8381   0.492   0.218   0.710  2  ...       
 8382   0.317   0.336   0.654  2  ...       
 8383   0.641   0.249   0.890  2  ...       
 8384   0.131   0.218   0.349  2  ...       
 8385   0.218   0.280   0.498  2  ...       
 8386   0.423   0.329   0.752  2  ...       
 8387   0.447   0.230   0.677  2  ...       
 8388   0.460   0.224   0.683  2  ...       
 8389   0.572   0.211   0.783  2  ...       
 8390   0.584   0.192   0.777  2  ...       
 8391   0.603   0.243   0.845  2  ...       
 8392   0.348   0.341   0.689  2  ...       
 8393   0.379   0.192   0.572  2  ...       
 8394   0.236   0.348   0.584  2  ...       
 8395   0.688   0.403   1.092  2  ...       
 8396   0.322   0.316   0.638  2  ...       
 8397   0.335   0.304   0.638  2  ...       
 8398   0.632   0.254   0.885  2  ...       
 8399   0.347   0.260   0.607  2  ...       
 8400   0.622   0.261   0.883  1  ...       
 8401   0.274   0.236   0.510  1  ...       
 8402   0.460   0.224   0.684  1  ...       
 8403   0.149   0.298   0.448  1  ...       
 8404   0.398   0.174   0.572  1  ...       
 8405   0.753   0.321   1.074  1  ...       
 8406   0.469   0.259   0.728  1  ...       
 8407   0.383   0.259   0.642  1  ...       
 8408   0.363   0.375   0.739  2  E3L       
 8409   0.192   0.255   0.447  2  ...       
 8410   0.272   0.266   0.537  2  ...       
 8411   0.438   0.269   0.706  2  ...       
 8412   0.359   0.161   0.520  2  ...       
 8413   0.475   0.280   0.755  2  ...       
 8414   0.283   0.304   0.588  2  ...       
 8415   0.858   0.438   1.296  2  ...       
 8416   1.021   0.278   1.299  2  ...       
 8417   1.012   0.364   1.376  2  ...       
 8418   0.771   0.204   0.975  2  ...       
 8419   0.205   0.251   0.456  2  ...       
 8420   0.545   0.359   0.905  2  ...       
 8421   0.321   0.260   0.581  2  ...       
 8422   0.460   0.238   0.699  2  ...       
 8423   0.757   0.196   0.952  2  ...       
 8424   0.118   0.244   0.362  2  ...       
 8425   0.414   0.222   0.636  2  ...       
 8426   0.378   0.269   0.648  2  ...       
 8427   0.345   0.255   0.600  2  ...       
 8428   0.223   0.216   0.439  2  ...       
 8429   0.274   0.419   0.693  2  ...       
 8430   0.254   0.245   0.500  2  ...       
 8431   0.292   0.208   0.500  2  ...       
 8432   0.218   0.363   0.581  2  ...       
 8433   0.605   0.363   0.968  1  ...       
 8434   0.348   0.287   0.635  1  ...       
 8435   0.484   0.393   0.877  1  ...       
 8436   0.953   0.227   1.180  1  ...       
 8437   0.393   0.212   0.605  1  ...       
 8438   0.318   0.363   0.681  1  ...       
 8439   0.287   0.212   0.499  1  ...       
 8440   0.363   0.333   0.696  1  ...       
 8441   0.847   0.287   1.134  1  ...       
 8442   1.482   0.166   1.648  1  ...       
 8443   0.817   0.242   1.059  1  ...       
 8444   1.422   0.212   1.633  1  ...       
 8445   0.348   0.287   0.635  1  ...       
 8446   0.513   0.226   0.740  1  ...       
 8447   0.438   0.242   0.679  1  ...       
 8448   0.528   0.377   0.906  1  ...       
 8449   0.770   0.392   1.162  1  ...       
 8450   1.223   0.287   1.509  1  ...       
 8451   0.649   0.181   0.830  1  ...       
 8452   0.257   0.362   0.619  1  ...       
 8453   0.717   0.446   1.163  2  E4R       
 8454   1.438   0.252   1.689  2  ...       
 8455   0.994   0.369   1.363  2  ...       
 8456   0.282   0.222   0.503  2  ...       
 8457   1.112   0.281   1.393  2  ...       
 8458   0.681   0.201   0.882  2  ...       
 8459   1.600   0.289   1.890  2  ...       
 8460   0.631   0.245   0.876  2  ...       
 8461   0.703   0.200   0.904  2  ...       
 8462   0.704   0.230   0.934  2  ...       
 8463   0.557   0.251   0.808  2  ...       
 8464   0.579   0.260   0.838  2  ...       
 8465   0.407   0.275   0.681  2  ...       
 8466   0.490   0.185   0.674  2  ...       
 8467   0.282   0.267   0.548  2  ...       
 8468   0.393   0.282   0.674  2  ...       
 8469   0.409   0.215   0.623  2  ...       
 8470   0.350   0.526   0.876  2  ...       
 8471   1.113   0.252   1.365  2  ...       
 8472   0.400   0.230   0.630  2  ...       
 8473   0.914   0.244   1.158  2  ...       
 8474   0.119   0.200   0.319  2  ...       
 8475   0.266   0.185   0.452  2  ...       
 8476   0.454   0.296   0.750  2  ...       
 8477   0.291   0.262   0.553  1  ...       
 8478   0.873   0.276   1.149  1  ...       
 8479   0.305   0.305   0.611  1  ...       
 8480   0.305   0.364   0.669  1  ...       
 8481   0.436   0.204   0.640  1  ...       
 8482   0.524   0.262   0.785  1  ...       
 8483   0.713   0.233   0.945  1  ...       
 8484   0.349   0.247   0.596  1  ...       
 8485   0.475   0.321   0.795  2  E5L       
 8486   0.554   0.226   0.780  2  ...       
 8487   0.576   0.139   0.715  2  ...       
 8488   0.335   0.321   0.655  2  ...       
 8489   0.713   0.495   1.208  2  ...       
 8490   0.590   0.356   0.946  2  ...       
 8491   0.517   0.248   0.765  2  ...       
 8492   0.480   0.269   0.750  2  ...       
 8493   0.466   0.277   0.743  2  ...       
 8494   0.502   0.197   0.699  2  ...       
 8495   0.363   0.153   0.516  2  ...       
 8496   0.525   0.342   0.867  2  ...       
 8497   1.099   0.299   1.398  2  ...       
 8498   0.415   0.218   0.633  2  ...       
 8499   0.458   0.211   0.669  2  ...       
 8500   0.403   0.272   0.675  3  F1R       
 8501   0.320   0.194   0.514  3  ...       
 8502   0.655   0.224   0.879  3  ...       
 8503   0.359   0.238   0.597  3  ...       
 8504   0.373   0.242   0.616  3  ...       
 8505   0.335   0.209   0.543  3  ...       
 8506   0.364   0.145   0.509  3  ...       
 8507   0.291   0.141   0.432  3  ...       
 8508   0.635   0.184   0.820  3  ...       
 8509   0.951   0.291   1.242  3  ...       
 8510   0.395   0.173   0.567  3  ...       
 8511   0.391   0.220   0.610  4  E6R       
 8512   0.455   0.227   0.682  4  ...       
 8513   0.610   0.172   0.782  4  ...       
 8514   0.448   0.169   0.616  4  ...       
 8515   0.345   0.198   0.543  4  ...       
 8516   0.572   0.199   0.770  4  ...       
 8517   0.250   0.271   0.521  4  ...       
 8518   0.488   0.316   0.804  4  ...       
 8519   0.812   0.334   1.145  4  ...       
 8520   0.711   0.235   0.946  4  ...       
 8521   0.480   0.202   0.682  4  ...       
 8522   0.990   0.275   1.264  4  ...       
 8523   0.647   0.240   0.887  3  ...       
 8524   0.531   0.260   0.790  3  ...       
 8525   1.864   0.245   2.109  3  ...       
 8526   0.859   0.343   1.202  3  ...       
 8527   0.701   0.290   0.990  3  ...       
 8528   0.500   0.284   0.784  3  ...       
 8529   0.888   0.265   1.153  3  ...       
 8530   0.339   0.206   0.544  3  ...       
 8531   0.339   0.402   0.741  3  ...       
 8532   0.403   0.215   0.618  3  ...       
 8533   0.525   0.313   0.839  3  ...       
 8534   0.152   0.187   0.339  3  ...       
 8535   0.451   0.216   0.667  3  ...       
 8536   0.290   0.299   0.588  3  ...       
 8537   0.598   0.412   1.010  3  ...       
 8538   0.800   0.426   1.226  3  ...       
 8539   0.505   0.270   0.775  3  ...       
 8540   0.538   0.258   0.796  4  F2R       
 8541   1.066   0.354   1.419  4  ...       
 8542   0.428   0.306   0.734  4  ...       
 8543   0.582   0.538   1.120  4  ...       
 8544   0.769   0.334   1.103  4  ...       
 8545   1.014   0.218   1.231  4  ...       
 8546   1.072   0.318   1.390  4  ...       
 8547   0.582   0.251   0.833  4  ...       
 8548   1.689   0.657   2.346  4  ...       
 8549   0.306   0.347   0.653  4  ...       
 8550   2.281   0.346   2.626  3  ...       
 8551   0.780   0.582   1.362  3  ...       
 8552   0.711   0.562   1.273  3  ...       
 8553   0.774   0.524   1.298  3  ...       
 8554   1.296   0.356   1.653  3  ...       
 8555   0.730   0.587   1.317  3  ...       
 8556   0.725   0.365   1.090  3  ...       
 8557   1.208   0.453   1.662  3  ...       
 8558   0.800   0.335   1.134  4  F3R       
 8559   0.651   0.434   1.086  4  ...       
 8560   0.655   0.220   0.874  4  ...       
 8561   0.902   0.509   1.411  3  ...       
 8562   0.961   0.519   1.481  3  ...       
 8563   0.648   0.224   0.872  3  ...       
 8564   0.456   0.486   0.942  2  ...       
 8565   0.979   0.426   1.405  2  ...       
 8566   1.474   0.216   1.690  2  ...       
 8567   0.464   0.430   0.894  3  E7R       
 8568   0.639   0.405   1.044  3  ...       
 8569   1.259   0.339   1.598  3  ...       
 8570   1.024   0.335   1.359  3  ...       
 8571   1.332   0.220   1.552  3  ...       
 8572   0.898   0.344   1.243  3  ...       
 8573   0.727   0.339   1.067  3  ...       
 8574   0.942   0.344   1.286  3  ...       
 8575   0.553   0.214   0.767  3  ...       
 8576   0.484   0.194   0.677  3  ...       
 8577   0.851   0.300   1.151  3  ...       
 8578   0.504   0.274   0.778  3  ...       
 8579   0.279   0.125   0.404  3  ...       
 8580   0.447   0.184   0.633  3  ...       
 8581   0.211   0.270   0.480  3  ...       
 8582   0.489   0.179   0.669  3  ...       
 8583   0.484   0.175   0.658  3  ...       
 8584   0.509   0.265   0.774  3  ...       
 8585   0.614   0.145   0.759  3  ...       
 8586   1.078   0.240   1.317  3  ...       
 8587   0.673   0.174   0.848  3  ...       
 8588   0.479   0.260   0.738  3  ...       
 8589   0.978   0.349   1.327  3  ...       
 8590   0.758   0.274   1.032  3  ...       
 8591   0.790   0.193   0.982  3  ...       
 8592   1.385   0.241   1.625  2  ...       
 8593   0.624   0.256   0.880  2  ...       
 8594   0.624   0.294   0.918  2  ...       
 8595   0.828   0.313   1.141  3  F4R       
 8596   0.576   0.323   0.899  3  ...       
 8597   0.645   0.209   0.854  3  ...       
 8598   0.804   0.318   1.121  3  ...       
 8599   0.657   0.463   1.120  4  E8R       
 8600   0.691   0.477   1.168  4  ...       
 8601   0.727   0.284   1.012  4  ...       
 8602   0.658   0.212   0.870  4  ...       
 8603   0.818   0.538   1.357  4  ...       
 8604   0.613   0.497   1.109  4  ...       
 8605   0.943   0.269   1.211  4  ...       
 8606   0.768   0.432   1.199  4  ...       
 8607   0.793   0.490   1.283  4  ...       
 8608   1.168   0.403   1.571  4  ...       
 8609   0.831   0.281   1.112  4  ...       
 8610   0.824   0.309   1.134  4  ...       
 8611   0.507   0.325   0.831  4  ...       
 8612   0.826   0.404   1.230  4  ...       
 8613   0.639   0.357   0.996  3  ...       
 8614   1.016   0.262   1.278  3  ...       
 8615   0.402   0.258   0.659  3  ...       
 8616   0.604   0.371   0.975  3  ...       
 8617   0.488   0.296   0.784  2  ...       
 8618   0.428   0.304   0.733  2  ...       
 8619   1.553   0.340   1.894  2  ...       
 8620   0.592   0.229   0.822  2  ...       
 8621   0.392   0.236   0.628  2  ...       
 8622   0.591   0.259   0.851  2  ...       
 8623   0.650   0.215   0.866  2  ...       
 8624   0.777   0.266   1.043  2  ...       
 8625   0.521   0.343   0.865  3  F5L       
 8626   0.640   0.378   1.018  3  ...       
 8627   1.232   0.209   1.440  3  ...       
 8628   0.733   0.200   0.933  3  ...       
 8629   0.963   0.333   1.295  3  ...       
 8630   0.725   0.382   1.107  3  ...       
 8631   0.581   0.421   1.003  3  ...       
 8632   1.322   0.402   1.723  3  ...       
 8633   0.456   0.539   0.994  3  ...       
 8634   1.474   0.346   1.819  2  ...       
 8635   1.304   0.262   1.566  2  ...       
 8636   1.522   0.468   1.990  2  ...       
 8637   0.895   0.354   1.249  2  ...       
 8638   1.416   0.278   1.694  2  ...       
 8639   1.118   0.209   1.328  2  ...       
 8640   0.622   0.546   1.169  1  ...       
 8641   0.956   0.243   1.199  1  ...       
 8642   0.774   0.334   1.108  1  ...       
 8643   0.744   0.744   1.488  1  ...       
 8644   1.366   0.486   1.852  1  ...       
 8645   0.304   0.273   0.577  1  ...       
 8646   0.395   0.258   0.653  1  ...       
 8647   0.349   0.395   0.744  1  ...       
 8648   1.822   0.425   2.247  1  ...       
 8649   0.380   0.228   0.607  1  ...       
 8650   1.561   0.727   2.288  1  ...       
 8651   1.121   0.864   1.985  1  ...       
 8652   0.667   0.606   1.273  1  ...       
 8653   0.826   0.476   1.301  2  F6L       
 8654   0.798   0.254   1.053  2  ...       
 8655   1.411   0.407   1.818  2  ...       
 8656   1.305   0.554   1.859  2  ...       
 8657   1.075   0.339   1.414  2  ...       
 8658   1.066   0.363   1.428  2  ...       
 8659   1.612   0.493   2.104  2  ...       
 8660   1.242   0.523   1.766  2  ...       
 8661   1.591   0.477   2.068  2  ...       
 8662   1.429   0.264   1.693  1  ...       
 8663   1.553   0.155   1.709  1  ...       
 8664   2.066   0.544   2.610  1  ...       
 8665   1.665   0.654   2.319  1  ...       
 8666   2.195   0.840   3.035  1  ...       
 8667   1.354   0.374   1.728  1  ...       
 8668   1.570   0.435   2.005  1  ...       
 8669   1.414   0.404   1.819  1  ...       
 8670   0.995   0.839   1.834  1  ...       
 8671   1.927   0.404   2.332  1  ...       
 8672   1.393   0.186   1.578  1  ...       
 8673   1.919   0.495   2.414  1  ...       
 8674   2.785   1.099   3.884  1  ...       
 8675   2.576   0.698   3.275  1  ...       
 8676   1.397   0.202   1.599  1  ...       
